OID,Id,units,length,ORIG_FID,POINT_X,POINT_Y
-1,0,granitic-qtz,35.5999985,0,325794.387867000012193,6798180.130320000462234
-1,0,granitic-qtz,35.5999985,0,325794.667696000018623,6798180.022490000352263
-1,0,granitic-qtz,35.5999985,0,325794.996912000002339,6798180.001960000023246
-1,0,granitic-qtz,35.5999985,0,325795.230680999986362,6798179.967469999566674
-1,0,granitic-qtz,35.5999985,0,325795.467415000020992,6798179.878610000014305
-1,0,granitic-qtz,35.5999985,0,325795.556614000000991,6798179.751050000078976
-1,0,granitic-qtz,35.5999985,0,325795.694178999983706,6798179.532999999821186
-1,0,granitic-qtz,35.5999985,0,325795.819541000004392,6798179.374069999903440
-1,0,granitic-qtz,35.5999985,0,325795.990465999988373,6798179.211219999939203
-1,0,granitic-qtz,35.5999985,0,325796.123191000020597,6798179.099229999817908
-1,0,granitic-qtz,35.5999985,0,325796.214699000003748,6798179.016040000133216
-1,0,granitic-qtz,35.5999985,0,325796.379988999979105,6798178.928670000284910
-1,0,granitic-qtz,35.5999985,0,325796.721836999990046,6798178.778409999795258
-1,0,granitic-qtz,35.5999985,0,325796.903453000006266,6798178.736370000056922
-1,0,granitic-qtz,35.5999985,0,325797.083557999983896,6798178.665260000154376
-1,0,granitic-qtz,35.5999985,0,325797.223537000012584,6798178.590909999795258
-1,0,granitic-qtz,35.5999985,0,325797.417600999993738,6798178.337910000234842
-1,0,granitic-qtz,35.5999985,0,325797.502862000023015,6798178.237490000203252
-1,0,granitic-qtz,35.5999985,0,325797.639742999977898,6798178.120830000378191
-1,0,granitic-qtz,35.5999985,0,325797.790014000027440,6798177.949280000291765
-1,0,granitic-qtz,35.5999985,0,325797.874592999985907,6798177.805630000308156
-1,0,granitic-qtz,35.5999985,0,325797.926406999991741,6798177.679670000448823
-1,0,granitic-qtz,35.5999985,0,325798.004527000011876,6798177.575450000353158
-1,0,granitic-qtz,35.5999985,0,325798.101769000000786,6798177.431830000132322
-1,0,granitic-qtz,35.5999985,0,325798.172412000014447,6798177.364280000329018
-1,0,granitic-qtz,35.5999985,0,325798.242856000026222,6798177.309930000454187
-1,0,granitic-qtz,35.5999985,0,325798.387630000011995,6798177.274000000208616
-1,0,granitic-qtz,35.5999985,0,325798.575567999971099,6798177.251659999601543
-1,0,granitic-qtz,35.5999985,0,325798.652216000016779,6798177.244950000196695
-1,0,granitic-qtz,35.5999985,0,325798.717781000013929,6798177.203710000030696
-1,0,granitic-qtz,35.5999985,0,325798.778843000007328,6798177.157189999707043
-1,0,granitic-qtz,35.5999985,0,325798.857620000024326,6798177.042949999682605
-1,0,granitic-qtz,35.5999985,0,325798.914622000011150,6798176.921830000355840
-1,0,granitic-qtz,35.5999985,0,325798.959680000029039,6798176.856669999659061
-1,0,granitic-qtz,35.5999985,0,325799.051543999987189,6798176.765730000101030
-1,0,granitic-qtz,35.5999985,0,325799.199131999979727,6798176.613669999875128
-1,0,granitic-qtz,35.5999985,0,325799.332960000028834,6798176.507509999908507
-1,0,granitic-qtz,35.5999985,0,325799.418020999990404,6798176.408599999733269
-1,0,granitic-qtz,35.5999985,0,325799.490825999993831,6798176.346409999765456
-1,0,granitic-qtz,35.5999985,0,325799.596391000028234,6798176.271519999951124
-1,0,granitic-qtz,35.5999985,0,325799.706856000004336,6798176.175649999640882
-1,0,granitic-qtz,35.5999985,0,325799.807119000004604,6798176.045830000191927
-1,0,granitic-qtz,35.5999985,0,325799.908376000006683,6798175.893840000033379
-1,0,granitic-qtz,35.5999985,0,325799.981319000013173,6798175.828990000300109
-1,0,granitic-qtz,35.5999985,0,325800.043119999987539,6798175.727070000022650
-1,0,granitic-qtz,35.5999985,0,325800.121936000010464,6798175.583170000463724
-1,0,granitic-qtz,35.5999985,0,325800.187977999972645,6798175.510350000113249
-1,0,granitic-qtz,35.5999985,0,325800.263282000028994,6798175.437660000286996
-1,0,granitic-qtz,35.5999985,0,325800.378467999980785,6798175.339089999906719
-1,0,granitic-qtz,35.5999985,0,325800.483834000013303,6798175.277400000020862
-1,0,granitic-qtz,35.5999985,0,325800.591642000013962,6798175.202549999579787
-1,0,granitic-qtz,35.5999985,0,325800.663081999984570,6798175.176719999872148
-1,0,granitic-qtz,35.5999985,0,325800.806177999998908,6798175.137289999984205
-1,0,granitic-qtz,35.5999985,0,325800.885524999990594,6798175.106780000030994
-1,0,granitic-qtz,35.5999985,0,325800.978753999981564,6798175.073939999565482
-1,0,granitic-qtz,35.5999985,0,325801.096239999984391,6798174.978070000186563
-1,0,granitic-qtz,35.5999985,0,325801.241190999979153,6798174.903780000284314
-1,0,granitic-qtz,35.5999985,0,325801.330055000027642,6798174.862999999895692
-1,0,granitic-qtz,35.5999985,0,325801.392655999981798,6798174.818719999864697
-1,0,granitic-qtz,35.5999985,0,325801.487166000006255,6798174.751869999803603
-1,0,granitic-qtz,35.5999985,0,325801.608751000021584,6798174.663049999624491
-1,0,granitic-qtz,35.5999985,0,325801.709939000022132,6798174.593989999964833
-1,0,granitic-qtz,35.5999985,0,325801.754443000012543,6798174.564709999598563
-1,0,granitic-qtz,35.5999985,0,325801.815981000021566,6798174.486610000021756
-1,0,granitic-qtz,35.5999985,0,325801.912644999974873,6798174.387760000303388
-1,0,granitic-qtz,35.5999985,0,325801.994790000026114,6798174.320500000379980
-1,0,granitic-qtz,35.5999985,0,325802.062933999986853,6798174.263450000435114
-1,0,granitic-qtz,35.5999985,0,325802.151099000009708,6798174.186060000211000
-1,0,granitic-qtz,35.5999985,0,325802.247601000010036,6798174.107809999957681
-1,0,granitic-qtz,35.5999985,0,325802.352292000025045,6798174.035430000163615
-1,0,granitic-qtz,35.5999985,0,325802.474696999997832,6798173.966409999877214
-1,0,granitic-qtz,35.5999985,0,325802.569322000024840,6798173.920400000177324
-1,0,granitic-qtz,35.5999985,0,325802.667629999981727,6798173.861150000244379
-1,0,granitic-qtz,35.5999985,0,325802.752373000024818,6798173.783289999701083
-1,0,granitic-qtz,35.5999985,0,325802.839175999979489,6798173.723969999700785
-1,0,granitic-qtz,35.5999985,0,325802.919119000027422,6798173.654020000249147
-1,0,granitic-qtz,35.5999985,0,325803.004499999980908,6798173.535170000046492
-1,0,granitic-qtz,35.5999985,0,325803.094645000004675,6798173.421900000423193
-1,0,granitic-qtz,35.5999985,0,325803.211779000004753,6798173.290450000204146
-1,0,granitic-qtz,35.5999985,0,325803.342732999997679,6798173.141939999535680
-1,0,granitic-qtz,35.5999985,0,325803.529946999973617,6798172.968279999680817
-1,0,granitic-qtz,35.5999985,0,325803.598528000002261,6798172.882310000248253
-1,0,granitic-qtz,35.5999985,0,325803.744474000006448,6798172.742089999839664
-1,0,granitic-qtz,35.5999985,0,325803.840760999999475,6798172.661740000359714
-1,0,granitic-qtz,35.5999985,0,325803.988613999972586,6798172.546740000136197
-1,0,granitic-qtz,35.5999985,0,325804.098928000021260,6798172.472400000318885
-1,0,granitic-qtz,35.5999985,0,325804.168966999975964,6798172.418089999817312
-1,0,granitic-qtz,35.5999985,0,325804.237559999979567,6798172.356499999761581
-1,0,granitic-qtz,35.5999985,0,325804.345287000003736,6798172.286960000172257
-1,0,granitic-qtz,35.5999985,0,325804.438774999987800,6798172.243490000255406
-1,0,granitic-qtz,35.5999985,0,325804.545525000023190,6798172.136640000157058
-1,0,granitic-qtz,35.5999985,0,325804.619262000021990,6798172.051190000027418
-1,0,granitic-qtz,35.5999985,0,325804.692712999996729,6798171.990170000120997
-1,0,granitic-qtz,35.5999985,0,325804.854303999978583,6798171.873739999718964
-1,0,granitic-qtz,35.5999985,0,325804.986100999987684,6798171.798200000077486
-1,0,granitic-qtz,35.5999985,0,325805.120213999995030,6798171.694790000095963
-1,0,granitic-qtz,35.5999985,0,325805.185791000025347,6798171.637609999626875
-1,0,granitic-qtz,35.5999985,0,325805.288737000024412,6798171.581199999898672
-1,0,granitic-qtz,35.5999985,0,325805.453315999999177,6798171.533579999580979
-1,0,granitic-qtz,35.5999985,0,325805.607417999999598,6798171.496340000070632
-1,0,granitic-qtz,35.5999985,0,325805.742451000027359,6798171.442560000345111
-1,0,granitic-qtz,35.5999985,0,325805.864059999992605,6798171.400019999593496
-1,0,granitic-qtz,35.5999985,0,325805.959751999995206,6798171.377340000122786
-1,0,granitic-qtz,35.5999985,0,325806.091345000022557,6798171.340819999575615
-1,0,granitic-qtz,35.5999985,0,325806.346959999995306,6798171.230519999749959
-1,0,granitic-qtz,35.5999985,0,325806.564733000006527,6798171.099360000342131
-1,0,granitic-qtz,35.5999985,0,325806.649020000011660,6798171.045210000127554
-1,0,granitic-qtz,35.5999985,0,325806.783582000003662,6798170.896949999965727
-1,0,granitic-qtz,35.5999985,0,325806.858884999994189,6798170.824269999749959
-1,0,granitic-qtz,35.5999985,0,325806.915705999999773,6798170.748639999888837
-1,0,granitic-qtz,35.5999985,0,325806.991676000005100,6798170.703180000185966
-1,0,granitic-qtz,35.5999985,0,325807.024817000026815,6798170.684340000152588
-1,0,granitic-qtz,35.5999985,0,325807.088160999992397,6798170.635200000368059
-1,0,granitic-qtz,35.5999985,0,325807.189253000018653,6798170.596699999645352
-1,0,granitic-qtz,35.5999985,0,325807.233131000015419,6798170.566119999624789
-1,0,granitic-qtz,35.5999985,0,325807.319955000013579,6798170.498929999768734
-1,0,granitic-qtz,35.5999985,0,325807.447638000012375,6798170.425470000132918
-1,0,granitic-qtz,35.5999985,0,325807.544411999988370,6798170.383609999902546
-1,0,granitic-qtz,35.5999985,0,325807.699199999973644,6798170.277769999578595
-1,0,granitic-qtz,35.5999985,0,325807.833195000013802,6798170.192710000090301
-1,0,granitic-qtz,35.5999985,0,325807.939552000025287,6798170.098579999990761
-1,0,granitic-qtz,35.5999985,0,325808.070547999988776,6798169.972059999592602
-1,0,granitic-qtz,35.5999985,0,325808.157729000027757,6798169.883980000391603
-1,0,granitic-qtz,35.5999985,0,325808.273230999999214,6798169.720399999991059
-1,0,granitic-qtz,35.5999985,0,325808.366679000027943,6798169.559969999827445
-1,0,granitic-qtz,35.5999985,0,325808.399613999994472,6798169.484140000306070
-1,0,granitic-qtz,35.5999985,0,325808.431534999981523,6798169.410649999976158
-1,0,granitic-qtz,35.5999985,0,325808.507556000025943,6798169.290430000051856
-1,0,granitic-qtz,35.5999985,0,325808.578833999985363,6798169.180780000053346
-1,0,granitic-qtz,35.5999985,0,325808.634208999981638,6798169.052380000241101
-1,0,granitic-qtz,35.5999985,0,325808.691487999982201,6798168.979709999635816
-1,0,granitic-qtz,35.5999985,0,325808.756126999971457,6798168.909350000321865
-1,0,granitic-qtz,35.5999985,0,325808.839274999976624,6798168.839230000041425
-1,0,granitic-qtz,35.5999985,0,325809.035650999983773,6798168.736669999547303
-1,0,granitic-qtz,35.5999985,0,325809.219090999977197,6798168.662429999560118
-1,0,granitic-qtz,35.5999985,0,325809.402339000022039,6798168.578719999641180
-1,0,granitic-qtz,35.5999985,0,325809.495745999971405,6798168.540559999644756
-1,0,granitic-qtz,35.5999985,0,325809.582492000015918,6798168.478579999879003
-1,0,granitic-qtz,35.5999985,0,325809.760621000023093,6798168.363889999687672
-1,0,granitic-qtz,35.5999985,0,325809.908389999996871,6798168.257950000464916
-1,0,granitic-qtz,35.5999985,0,325810.040710999979638,6798168.144220000132918
-1,0,granitic-qtz,35.5999985,0,325810.201984999992419,6798168.019749999977648
-1,0,granitic-qtz,35.5999985,0,325810.338783000013791,6798167.903900000266731
-1,0,granitic-qtz,35.5999985,0,325810.411054999975022,6798167.851440000347793
-1,0,granitic-qtz,35.5999985,0,325810.491716000018641,6798167.760019999928772
-1,0,granitic-qtz,35.5999985,0,325810.547699999995530,6798167.713739999569952
-1,0,granitic-qtz,35.5999985,0,325810.615642999997362,6798167.669979999773204
-1,0,granitic-qtz,35.5999985,0,325810.741513999993913,6798167.632310000248253
-1,0,granitic-qtz,35.5999985,0,325810.953414999996312,6798167.580090000294149
-1,0,granitic-qtz,35.5999985,0,325811.094044999976177,6798167.497100000269711
-1,0,granitic-qtz,35.5999985,0,325811.223187999974471,6798167.388980000279844
-1,0,granitic-qtz,35.5999985,0,325811.358681000012439,6798167.266069999895990
-1,0,granitic-qtz,35.5999985,0,325811.499462999985553,6798167.149199999868870
-1,0,granitic-qtz,35.5999985,0,325811.614552000013646,6798167.054820000194013
-1,0,granitic-qtz,35.5999985,0,325811.729815000027884,6798166.965470000170171
-1,0,granitic-qtz,35.5999985,0,325811.772178000013810,6798166.923879999667406
-1,0,granitic-qtz,35.5999985,0,325811.893289000028744,6798166.891449999995530
-1,0,granitic-qtz,35.5999985,0,325812.033561000018381,6798166.855879999697208
-1,0,granitic-qtz,35.5999985,0,325812.159051999973599,6798166.811010000295937
-1,0,granitic-qtz,35.5999985,0,325812.261534999997821,6798166.766710000112653
-1,0,granitic-qtz,35.5999985,0,325812.388227000017650,6798166.693210000172257
-1,0,granitic-qtz,35.5999985,0,325812.510414000018500,6798166.589540000073612
-1,0,granitic-qtz,35.5999985,0,325812.596779000014067,6798166.559249999932945
-1,0,granitic-qtz,35.5999985,0,325812.752933999989182,6798166.511400000192225
-1,0,granitic-qtz,35.5999985,0,325812.951289999997243,6798166.432699999772012
-1,0,granitic-qtz,35.5999985,0,325813.121704999997746,6798166.330710000358522
-1,0,granitic-qtz,35.5999985,0,325813.197481999988668,6798166.272660000249743
-1,0,granitic-qtz,35.5999985,0,325813.234947999997530,6798166.239140000194311
-1,0,granitic-qtz,35.5999985,0,325813.257141000009142,6798166.157789999619126
-1,0,granitic-qtz,35.5999985,0,325813.330463999998756,6798166.061239999718964
-1,0,granitic-qtz,35.5999985,0,325813.383020000008401,6798165.964499999769032
-1,0,granitic-qtz,35.5999985,0,325813.437422999995761,6798165.894050000235438
-1,0,granitic-qtz,35.5999985,0,325813.536367000022437,6798165.792689999565482
-1,0,granitic-qtz,35.5999985,0,325813.643832999980077,6798165.746869999915361
-1,0,granitic-qtz,35.5999985,0,325813.715939000016078,6798165.737429999746382
-1,0,granitic-qtz,35.5999985,0,325813.828876000014134,6798165.690580000169575
-1,0,granitic-qtz,35.5999985,0,325813.913241999980528,6798165.626109999604523
-1,0,granitic-qtz,35.5999985,0,325814.001244999992196,6798165.558120000176132
-1,0,granitic-qtz,35.5999985,0,325814.095524000003934,6798165.487340000458062
-1,0,granitic-qtz,35.5999985,0,325814.227936999988742,6798165.481359999626875
-1,0,granitic-qtz,35.5999985,0,325814.373993000015616,6798165.488889999687672
-1,0,granitic-qtz,35.5999985,0,325814.450919999973848,6798165.463670000433922
-1,0,granitic-qtz,35.5999985,0,325814.630953999992926,6798165.371399999596179
-1,0,granitic-qtz,35.5999985,0,325814.671073000004981,6798165.329880000092089
-1,0,granitic-qtz,35.5999985,0,325814.722815999994054,6798165.280570000410080
-1,0,granitic-qtz,35.5999985,0,325814.874947000003885,6798165.195740000344813
-1,0,granitic-qtz,35.5999985,0,325814.961332999984734,6798165.157589999958873
-1,0,granitic-qtz,35.5999985,0,325815.049981000018306,6798165.124569999985397
-1,0,granitic-qtz,35.5999985,0,325815.178789000026882,6798165.047369999811053
-1,0,granitic-qtz,35.5999985,0,325815.235944000014570,6798164.992639999836683
-1,0,granitic-qtz,35.5999985,0,325815.304127999988850,6798164.917930000461638
-1,0,granitic-qtz,35.5999985,0,325815.404566999990493,6798164.818690000101924
-1,0,granitic-qtz,35.5999985,0,325815.486792000010610,6798164.746109999716282
-1,0,granitic-qtz,35.5999985,0,325815.550433000025805,6798164.683779999613762
-1,0,granitic-qtz,35.5999985,0,325815.620638000022154,6798164.645270000211895
-1,0,granitic-qtz,35.5999985,0,325815.837735000008252,6798164.558880000375211
-1,0,granitic-qtz,35.5999985,0,325815.895584999991115,6798164.535400000400841
-1,0,granitic-qtz,35.5999985,0,325815.956744999974035,6798164.510579999536276
-1,0,granitic-qtz,35.5999985,0,325816.056676000007428,6798164.498890000395477
-1,0,granitic-qtz,35.5999985,0,325816.194386999995913,6798164.445550000295043
-1,0,granitic-qtz,35.5999985,0,325816.304414000012912,6798164.378720000386238
-1,0,granitic-qtz,35.5999985,0,325816.463585000019521,6798164.286129999905825
-1,0,granitic-qtz,35.5999985,0,325816.543278999975882,6798164.252709999680519
-1,0,granitic-qtz,35.5999985,0,325816.615395999979228,6798164.222470000386238
-1,0,granitic-qtz,35.5999985,0,325816.735578000021633,6798164.103029999881983
-1,0,granitic-qtz,35.5999985,0,325816.839838000014424,6798163.959520000033081
-1,0,granitic-qtz,35.5999985,0,325816.893771999981254,6798163.848600000143051
-1,0,granitic-qtz,35.5999985,0,325816.938001999980770,6798163.707050000317395
-1,0,granitic-qtz,35.5999985,0,325816.964895999990404,6798163.595710000023246
-1,0,granitic-qtz,35.5999985,0,325817.003718000021763,6798163.471880000084639
-1,0,granitic-qtz,35.5999985,0,325817.070034999982454,6798163.308930000290275
-1,0,granitic-qtz,35.5999985,0,325817.129513000021689,6798163.212290000170469
-1,0,granitic-qtz,35.5999985,0,325817.214671999972779,6798163.129680000245571
-1,0,granitic-qtz,35.5999985,0,325817.319062999973539,6798163.036079999990761
-1,0,granitic-qtz,35.5999985,0,325817.476771000016015,6798162.900870000012219
-1,0,granitic-qtz,35.5999985,0,325817.637897000007797,6798162.767140000127256
-1,0,granitic-qtz,35.5999985,0,325817.755433999991510,6798162.676420000381768
-1,0,granitic-qtz,35.5999985,0,325817.985601000022143,6798162.469270000234246
-1,0,granitic-qtz,35.5999985,0,325818.120094000012614,6798162.348249999806285
-1,0,granitic-qtz,35.5999985,0,325818.182043000007980,6798162.289049999788404
-1,0,granitic-qtz,35.5999985,0,325818.273961000028066,6798162.142799999564886
-1,0,granitic-qtz,35.5999985,0,325818.363951999985147,6798161.978629999794066
-1,0,granitic-qtz,35.5999985,0,325818.448749999981374,6798161.835970000363886
-1,0,granitic-qtz,35.5999985,0,325818.521721999975853,6798161.717480000108480
-1,0,granitic-qtz,35.5999985,0,325818.584486000007018,6798161.655140000395477
-1,0,granitic-qtz,35.5999985,0,325818.675342999980785,6798161.579149999655783
-1,0,granitic-qtz,35.5999985,0,325818.749904999975115,6798161.544580000452697
-1,0,granitic-qtz,35.5999985,0,325818.877842999994755,6798161.490760000422597
-1,0,granitic-qtz,35.5999985,0,325818.940127999987453,6798161.460110000334680
-1,0,granitic-qtz,35.5999985,0,325819.006065000023227,6798161.394270000047982
-1,0,granitic-qtz,35.5999985,0,325819.065806000027806,6798161.331880000419915
-1,0,granitic-qtz,35.5999985,0,325819.155973999993876,6798161.301549999974668
-1,0,granitic-qtz,35.5999985,0,325819.243279999995138,6798161.260630000382662
-1,0,granitic-qtz,35.5999985,0,325819.368358000006992,6798161.142049999907613
-1,0,granitic-qtz,35.5999985,0,325819.432978000026196,6798161.073819999583066
-1,0,granitic-qtz,35.5999985,0,325819.508919999992941,6798161.000959999859333
-1,0,granitic-qtz,35.5999985,0,325819.661320000013802,6798160.943520000204444
-1,0,granitic-qtz,35.5999985,0,325819.758417000004556,6798160.867619999684393
-1,0,granitic-qtz,35.5999985,0,325819.861124999995809,6798160.826940000057220
-1,0,granitic-qtz,35.5999985,0,325819.997486000007484,6798160.811370000243187
-1,0,granitic-qtz,35.5999985,0,325820.134536000026856,6798160.750149999745190
-1,0,granitic-qtz,35.5999985,0,325820.278404999990016,6798160.687250000424683
-1,0,granitic-qtz,35.5999985,0,325820.470869000011589,6798160.600499999709427
-1,0,granitic-qtz,35.5999985,0,325820.573841999983415,6798160.542310000397265
-1,0,granitic-qtz,35.5999985,0,325820.719994999992196,6798160.491759999655187
-1,0,granitic-qtz,35.5999985,0,325820.863071000028867,6798160.444710000418127
-1,0,granitic-qtz,35.5999985,0,325821.009912999987137,6798160.348500000312924
-1,0,granitic-qtz,35.5999985,0,325821.156490999972448,6798160.269799999892712
-1,0,granitic-qtz,35.5999985,0,325821.237847000011243,6798160.211699999868870
-1,0,granitic-qtz,35.5999985,0,325821.432023999979720,6798160.052389999851584
-1,0,granitic-qtz,35.5999985,0,325821.556235999974888,6798159.926830000244081
-1,0,granitic-qtz,35.5999985,0,325821.702060999989044,6798159.785690000280738
-1,0,granitic-qtz,35.5999985,0,325822.000139000010677,6798159.508879999630153
-1,0,granitic-qtz,35.5999985,0,325822.081946999998763,6798159.418669999577105
-1,0,granitic-qtz,35.5999985,0,325822.248149999999441,6798159.269100000150502
-1,0,granitic-qtz,35.5999985,0,325822.292179999989457,6798159.224999999627471
-1,0,granitic-qtz,35.5999985,0,325822.553458000009414,6798159.121969999745488
-1,0,granitic-qtz,35.5999985,0,325822.827761000022292,6798158.993870000354946
-1,0,granitic-qtz,35.5999985,0,325822.968489999999292,6798158.899819999933243
-1,0,granitic-qtz,35.5999985,0,325823.086730999988504,6798158.809709999710321
-1,0,granitic-qtz,35.5999985,0,325823.292951999988873,6798158.668619999662042
-1,0,granitic-peg,20.7999992,1,325808.196600000024773,6798172.164440000429749
-1,0,granitic-peg,20.7999992,1,325808.360511999984737,6798172.061390000395477
-1,0,granitic-peg,20.7999992,1,325808.528256000019610,6798171.969379999674857
-1,0,granitic-peg,20.7999992,1,325808.627008999988902,6798171.899020000360906
-1,0,granitic-peg,20.7999992,1,325808.731402000004891,6798171.831790000200272
-1,0,granitic-peg,20.7999992,1,325808.818086999992374,6798171.762199999764562
-1,0,granitic-peg,20.7999992,1,325808.900107999972533,6798171.669519999995828
-1,0,granitic-peg,20.7999992,1,325808.947907000023406,6798171.577910000458360
-1,0,granitic-peg,20.7999992,1,325809.026376999972854,6798171.502179999835789
-1,0,granitic-peg,20.7999992,1,325809.079260000027716,6798171.461299999617040
-1,0,granitic-peg,20.7999992,1,325809.181329999992158,6798171.359539999626577
-1,0,granitic-peg,20.7999992,1,325809.263567999994848,6798171.292609999887645
-1,0,granitic-peg,20.7999992,1,325809.324154999980237,6798171.245199999772012
-1,0,granitic-peg,20.7999992,1,325809.420342000026722,6798171.152110000140965
-1,0,granitic-peg,20.7999992,1,325809.517761999974027,6798171.077320000156760
-1,0,granitic-peg,20.7999992,1,325809.661070999980439,6798170.960110000334680
-1,0,granitic-peg,20.7999992,1,325809.878568999993149,6798170.854980000294745
-1,0,granitic-peg,20.7999992,1,325809.986244999978226,6798170.806859999895096
-1,0,granitic-peg,20.7999992,1,325810.069602000003215,6798170.794920000247657
-1,0,granitic-peg,20.7999992,1,325810.147475000005215,6798170.758750000037253
-1,0,granitic-peg,20.7999992,1,325810.298982999986038,6798170.701399999670684
-1,0,granitic-peg,20.7999992,1,325810.421549000020605,6798170.663909999653697
-1,0,granitic-peg,20.7999992,1,325810.562632000015583,6798170.613280000165105
-1,0,granitic-peg,20.7999992,1,325810.671457000018563,6798170.558469999581575
-1,0,granitic-peg,20.7999992,1,325810.771596000005957,6798170.487929999828339
-1,0,granitic-peg,20.7999992,1,325810.867349000007380,6798170.413490000180900
-1,0,granitic-peg,20.7999992,1,325811.003001999983098,6798170.263910000212491
-1,0,granitic-peg,20.7999992,1,325811.093438000010792,6798170.164189999923110
-1,0,granitic-peg,20.7999992,1,325811.138325000007171,6798170.136269999668002
-1,0,granitic-peg,20.7999992,1,325811.212399000010919,6798170.077220000326633
-1,0,granitic-peg,20.7999992,1,325811.287728999974206,6798170.008190000429749
-1,0,granitic-peg,20.7999992,1,325811.365568000008352,6798169.939749999903142
-1,0,granitic-peg,20.7999992,1,325811.418286999978591,6798169.909730000421405
-1,0,granitic-peg,20.7999992,1,325811.504988999979105,6798169.798980000428855
-1,0,granitic-peg,20.7999992,1,325811.595226000004914,6798169.712450000457466
-1,0,granitic-peg,20.7999992,1,325811.722561999980826,6798169.572909999638796
-1,0,granitic-peg,20.7999992,1,325811.893126000009943,6798169.399530000053346
-1,0,granitic-peg,20.7999992,1,325812.031156999990344,6798169.269580000080168
-1,0,granitic-peg,20.7999992,1,325812.131410999980289,6798169.155659999698400
-1,0,granitic-peg,20.7999992,1,325812.241648999974132,6798169.025510000064969
-1,0,granitic-peg,20.7999992,1,325812.361664000025485,6798168.892180000431836
-1,0,granitic-peg,20.7999992,1,325812.461559000017587,6798168.785950000397861
-1,0,granitic-peg,20.7999992,1,325812.550286000012420,6798168.700489999726415
-1,0,granitic-peg,20.7999992,1,325812.643585000012536,6798168.639290000312030
-1,0,granitic-peg,20.7999992,1,325812.762642999994569,6798168.561950000002980
-1,0,granitic-peg,20.7999992,1,325812.895617000001948,6798168.467190000228584
-1,0,granitic-peg,20.7999992,1,325813.012984999979381,6798168.373719999566674
-1,0,granitic-peg,20.7999992,1,325813.218249999976251,6798168.230320000089705
-1,0,granitic-peg,20.7999992,1,325813.338584000011906,6798168.148799999617040
-1,0,granitic-peg,20.7999992,1,325813.431179000006523,6798168.084130000323057
-1,0,granitic-peg,20.7999992,1,325813.548716999997851,6798167.984819999895990
-1,0,granitic-peg,20.7999992,1,325813.641443000000436,6798167.915339999832213
-1,0,granitic-peg,20.7999992,1,325813.730744000000414,6798167.838039999827743
-1,0,granitic-peg,20.7999992,1,325813.786266000010073,6798167.786729999817908
-1,0,granitic-peg,20.7999992,1,325813.968282999994699,6798167.618730000220239
-1,0,granitic-peg,20.7999992,1,325814.163449999992736,6798167.440790000371635
-1,0,granitic-peg,20.7999992,1,325814.245523000019602,6798167.341289999894798
-1,0,granitic-peg,20.7999992,1,325814.281651999976020,6798167.297489999793470
-1,0,granitic-peg,20.7999992,1,325814.370897000015248,6798167.225010000169277
-1,0,granitic-peg,20.7999992,1,325814.511981000017840,6798167.103229999542236
-1,0,granitic-peg,20.7999992,1,325814.663893999997526,6798167.026379999704659
-1,0,granitic-peg,20.7999992,1,325814.717835000017658,6798166.992949999868870
-1,0,granitic-peg,20.7999992,1,325814.811066000023857,6798166.959990000352263
-1,0,granitic-peg,20.7999992,1,325814.890690999978688,6798166.911100000143051
-1,0,granitic-peg,20.7999992,1,325814.996415000001434,6798166.825679999776185
-1,0,granitic-peg,20.7999992,1,325815.057318000006489,6798166.789690000005066
-1,0,granitic-peg,20.7999992,1,325815.132064000004902,6798166.753910000436008
-1,0,granitic-peg,20.7999992,1,325815.181486000015866,6798166.709769999608397
-1,0,granitic-peg,20.7999992,1,325815.268021000025328,6798166.657549999654293
-1,0,granitic-peg,20.7999992,1,325815.307873999990989,6798166.637860000133514
-1,0,granitic-peg,20.7999992,1,325815.359577000024728,6798166.591199999675155
-1,0,granitic-peg,20.7999992,1,325815.481145000027027,6798166.534959999844432
-1,0,granitic-peg,20.7999992,1,325815.628329000028316,6798166.489319999702275
-1,0,granitic-peg,20.7999992,1,325815.784232000005431,6798166.436669999733567
-1,0,granitic-peg,20.7999992,1,325815.895052000007126,6798166.366469999775290
-1,0,granitic-peg,20.7999992,1,325815.990402999974322,6798166.305340000428259
-1,0,granitic-peg,20.7999992,1,325816.094106999982614,6798166.198730000294745
-1,0,granitic-peg,20.7999992,1,325816.235709999979008,6798166.042589999735355
-1,0,granitic-peg,20.7999992,1,325816.317934999999125,6798165.970010000281036
-1,0,granitic-peg,20.7999992,1,325816.440294000029098,6798165.868599999696016
-1,0,granitic-peg,20.7999992,1,325816.488933000015095,6798165.830319999717176
-1,0,granitic-peg,20.7999992,1,325816.550883000018075,6798165.757279999554157
-1,0,granitic-peg,20.7999992,1,325816.633046999981161,6798165.695229999721050
-1,0,granitic-peg,20.7999992,1,325816.699129000015091,6798165.619749999605119
-1,0,granitic-peg,20.7999992,1,325816.787896999972872,6798165.578859999775887
-1,0,granitic-peg,20.7999992,1,325816.877037000027485,6798165.509999999776483
-1,0,granitic-peg,20.7999992,1,325816.954922000004444,6798165.431079999543726
-1,0,granitic-peg,20.7999992,1,325817.007004000013694,6798165.359269999898970
-1,0,granitic-peg,20.7999992,1,325817.205896000028588,6798165.251539999619126
-1,0,granitic-peg,20.7999992,1,325817.323350000020582,6798165.129719999618828
-1,0,granitic-peg,20.7999992,1,325817.436662999971304,6798165.028250000439584
-1,0,granitic-peg,20.7999992,1,325817.556156000006013,6798164.920610000379384
-1,0,granitic-peg,20.7999992,1,325817.678376999974716,6798164.842029999941587
-1,0,granitic-peg,20.7999992,1,325817.746321999991778,6798164.798170000314713
-1,0,granitic-peg,20.7999992,1,325817.910097000014503,6798164.665009999647737
-1,0,granitic-peg,20.7999992,1,325818.009395000000950,6798164.585900000296533
-1,0,granitic-peg,20.7999992,1,325818.200237000011839,6798164.452060000039637
-1,0,granitic-peg,20.7999992,1,325818.301934999995865,6798164.374680000357330
-1,0,granitic-peg,20.7999992,1,325818.401392999978270,6798164.288560000248253
-1,0,granitic-peg,20.7999992,1,325818.513562000007369,6798164.234830000437796
-1,0,granitic-peg,20.7999992,1,325818.654441000020597,6798164.157329999841750
-1,0,granitic-peg,20.7999992,1,325818.846003999991808,6798164.039339999668300
-1,0,granitic-peg,20.7999992,1,325818.963342999981251,6798163.943989999592304
-1,0,granitic-peg,20.7999992,1,325819.029330999997910,6798163.883940000087023
-1,0,granitic-peg,20.7999992,1,325819.078793999971822,6798163.837140000425279
-1,0,granitic-peg,20.7999992,1,325819.184119999990799,6798163.778099999763072
-1,0,granitic-peg,20.7999992,1,325819.245043999981135,6798163.734240000136197
-1,0,granitic-peg,20.7999992,1,325819.294465999992099,6798163.690100000239909
-1,0,granitic-peg,20.7999992,1,325819.425395000027493,6798163.620919999666512
-1,0,granitic-peg,20.7999992,1,325819.537860999989789,6798163.554010000079870
-1,0,granitic-peg,20.7999992,1,325819.585737999994308,6798163.507570000365376
-1,0,granitic-peg,20.7999992,1,325819.645906999998260,6798163.463309999555349
-1,0,granitic-peg,20.7999992,1,325819.790110000001732,6798163.412729999981821
-1,0,granitic-peg,20.7999992,1,325819.886117000016384,6798163.350890000350773
-1,0,granitic-peg,20.7999992,1,325819.933357000001706,6798163.296289999969304
-1,0,granitic-peg,20.7999992,1,325819.987281000008807,6798163.257539999671280
-1,0,granitic-peg,20.7999992,1,325820.118348999996670,6798163.185589999891818
-1,0,granitic-peg,20.7999992,1,325820.176714000001084,6798163.162750000134110
-1,0,granitic-peg,20.7999992,1,325820.314263999985997,6798163.120040000416338
-1,0,granitic-peg,20.7999992,1,325820.415150000015274,6798163.045090000145137
-1,0,granitic-peg,20.7999992,1,325820.469273000024259,6798162.993150000460446
-1,0,granitic-peg,20.7999992,1,325820.598597000003792,6798162.881710000336170
-1,0,granitic-peg,20.7999992,1,325820.653662999975495,6798162.824980000033975
-1,0,granitic-peg,20.7999992,1,325820.714498999994248,6798162.735709999687970
-1,0,granitic-peg,20.7999992,1,325820.775722999998834,6798162.672020000405610
-1,0,granitic-peg,20.7999992,1,325820.883703999978025,6798162.601900000125170
-1,0,granitic-peg,20.7999992,1,325820.995996000012383,6798162.530249999836087
-1,0,granitic-peg,20.7999992,1,325821.120121999992989,6798162.453099999576807
-1,0,granitic-peg,20.7999992,1,325821.258389999973588,6798162.362859999760985
-1,0,granitic-peg,20.7999992,1,325821.387594999978319,6798162.272819999605417
-1,0,granitic-peg,20.7999992,1,325821.499454999982845,6798162.194520000368357
-1,0,granitic-peg,20.7999992,1,325821.610111000016332,6798162.117560000158846
-1,0,granitic-peg,20.7999992,1,325821.676011000003200,6798162.060589999891818
-1,0,granitic-peg,20.7999992,1,325821.720912999997381,6798162.005850000306964
-1,0,granitic-peg,20.7999992,1,325821.802313000021968,6798161.890329999849200
-1,0,granitic-peg,20.7999992,1,325821.874467000016011,6798161.787929999642074
-1,0,granitic-peg,20.7999992,1,325821.986654000007547,6798161.739520000293851
-1,0,granitic-peg,20.7999992,1,325822.044929000025149,6798161.682339999824762
-1,0,granitic-peg,20.7999992,1,325822.092559000011533,6798161.635599999688566
-1,0,granitic-peg,20.7999992,1,325822.167641000007279,6798161.584090000018477
-1,0,granitic-peg,20.7999992,1,325822.259345000027679,6798161.503669999539852
-1,0,granitic-peg,20.7999992,1,325822.345772999979090,6798161.462749999947846
-1,0,granitic-peg,20.7999992,1,325822.478816999995615,6798161.386380000039935
-1,0,granitic-peg,20.7999992,1,325822.575226999993902,6798161.326439999975264
-1,0,granitic-peg,20.7999992,1,325822.650508999999147,6798161.261629999615252
-1,0,granitic-peg,20.7999992,1,325822.715874999994412,6798161.233579999767244
-1,0,granitic-peg,20.7999992,1,325822.800757999997586,6798161.139980000443757
-1,0,granitic-peg,20.7999992,1,325822.906720999977551,6798161.038719999603927
-1,0,granitic-peg,20.7999992,1,325823.010079000028782,6798160.959920000284910
-1,0,granitic-peg,20.7999992,1,325823.090426000009757,6798160.895279999822378
-1,0,granitic-peg,20.7999992,1,325823.136891999980435,6798160.854880000464618
-1,0,granitic-peg,20.7999992,1,325823.212593999982346,6798160.755830000154674
-1,0,granitic-peg,20.7999992,1,325823.330027999996673,6798160.627310000360012
-1,0,granitic-peg,20.7999992,1,325823.415297000028659,6798160.550619999878109
-1,0,granitic-peg,20.7999992,1,325823.563025999988895,6798160.447329999879003
-1,0,granitic-peg,20.7999992,1,325823.619130000006407,6798160.419139999896288
-1,0,granitic-peg,20.7999992,1,325823.673054000013508,6798160.380379999987781
-1,0,granitic-peg,20.7999992,1,325823.746036000025924,6798160.312880000099540
-1,0,granitic-peg,20.7999992,1,325823.786604999972042,6798160.267380000092089
-1,0,granitic-peg,20.7999992,1,325823.862825000018347,6798160.221710000187159
-1,0,granitic-peg,20.7999992,1,325823.950692999991588,6798160.159129999577999
-1,0,granitic-peg,20.7999992,1,325824.035220000019763,6798160.089139999821782
-1,0,granitic-peg,20.7999992,1,325824.159137999988161,6798160.012860000133514
-1,0,granitic-peg,20.7999992,1,325824.321414000005461,6798159.908350000157952
-1,0,granitic-peg,20.7999992,1,325824.588242000027094,6798159.712100000120699
-1,0,granitic-peg,20.7999992,1,325824.686724000028335,6798159.634890000335872
-1,0,granitic-peg,20.7999992,1,325824.818686000013258,6798159.548990000039339
-1,0,granitic-peg,20.7999992,1,325824.941363000019919,6798159.464490000158548
-1,0,granitic-peg,20.7999992,1,325825.102239999978337,6798159.329930000007153
-1,0,granitic-qtz,16.0000000,2,325795.202535999997053,6798181.386119999922812
-1,0,granitic-qtz,16.0000000,2,325795.379472000000533,6798181.260099999606609
-1,0,granitic-qtz,16.0000000,2,325795.553184000018518,6798181.089259999804199
-1,0,granitic-qtz,16.0000000,2,325795.732071999984328,6798180.892009999603033
-1,0,granitic-qtz,16.0000000,2,325795.955093999975361,6798180.652200000360608
-1,0,granitic-qtz,16.0000000,2,325796.178452000021935,6798180.448189999908209
-1,0,granitic-qtz,16.0000000,2,325796.351251000014599,6798180.273240000009537
-1,0,granitic-qtz,16.0000000,2,325796.449651999981143,6798180.207890000194311
-1,0,granitic-qtz,16.0000000,2,325796.797636999981478,6798180.068049999885261
-1,0,granitic-qtz,16.0000000,2,325796.946017000009306,6798180.018530000001192
-1,0,granitic-qtz,16.0000000,2,325797.052014000015333,6798179.960280000232160
-1,0,granitic-qtz,16.0000000,2,325797.116488000028767,6798179.894419999793172
-1,0,granitic-qtz,16.0000000,2,325797.165306999988388,6798179.735209999606013
-1,0,granitic-qtz,16.0000000,2,325797.303277999977581,6798179.509630000218749
-1,0,granitic-qtz,16.0000000,2,325797.559401999984402,6798179.240949999541044
-1,0,granitic-qtz,16.0000000,2,325797.817534999980126,6798179.052319999784231
-1,0,granitic-qtz,16.0000000,2,325797.940306000004057,6798178.909970000386238
-1,0,granitic-qtz,16.0000000,2,325798.055213999992702,6798178.778140000067651
-1,0,granitic-qtz,16.0000000,2,325798.205098000005819,6798178.687189999967813
-1,0,granitic-qtz,16.0000000,2,325798.259475999977440,6798178.566639999859035
-1,0,granitic-qtz,16.0000000,2,325798.404091999982484,6798178.417639999650419
-1,0,granitic-qtz,16.0000000,2,325798.488154000020586,6798178.378460000269115
-1,0,granitic-qtz,16.0000000,2,325798.583134000014979,6798178.339429999701679
-1,0,granitic-qtz,16.0000000,2,325798.664731000026222,6798178.263299999758601
-1,0,granitic-qtz,16.0000000,2,325798.900360999978147,6798178.228179999627173
-1,0,granitic-qtz,16.0000000,2,325799.024871999979950,6798178.177299999631941
-1,0,granitic-qtz,16.0000000,2,325799.081930999993347,6798178.105229999870062
-1,0,granitic-qtz,16.0000000,2,325799.160805999999866,6798178.002670000307262
-1,0,granitic-qtz,16.0000000,2,325799.208192999998573,6798177.938330000266433
-1,0,granitic-qtz,16.0000000,2,325799.335032999981195,6798177.836500000208616
-1,0,granitic-qtz,16.0000000,2,325799.506822999974247,6798177.728360000066459
-1,0,granitic-qtz,16.0000000,2,325799.733198000001721,6798177.589350000023842
-1,0,granitic-qtz,16.0000000,2,325799.868952999997418,6798177.471810000017285
-1,0,granitic-qtz,16.0000000,2,325800.003547000000253,6798177.366659999825060
-1,0,granitic-qtz,16.0000000,2,325800.087918000004720,6798177.313400000333786
-1,0,granitic-qtz,16.0000000,2,325800.421099000028335,6798177.269209999591112
-1,0,granitic-qtz,16.0000000,2,325800.594365000026301,6798177.270060000009835
-1,0,granitic-qtz,16.0000000,2,325800.788985999999568,6798177.186870000325143
-1,0,granitic-qtz,16.0000000,2,325801.012719999998808,6798177.016119999811053
-1,0,granitic-qtz,16.0000000,2,325801.078913000004832,6798176.939760000444949
-1,0,granitic-qtz,16.0000000,2,325801.162506999971811,6798176.737739999778569
-1,0,granitic-qtz,16.0000000,2,325801.190753999981098,6798176.597740000113845
-1,0,granitic-qtz,16.0000000,2,325801.183910000021569,6798176.347029999829829
-1,0,granitic-qtz,16.0000000,2,325801.218881000007968,6798176.181409999728203
-1,0,granitic-qtz,16.0000000,2,325801.349380999978166,6798175.992180000059307
-1,0,granitic-qtz,16.0000000,2,325801.526504000008572,6798175.789140000008047
-1,0,granitic-qtz,16.0000000,2,325801.620450999995228,6798175.708759999834001
-1,0,granitic-qtz,16.0000000,2,325801.865445000003092,6798175.578630000352859
-1,0,granitic-qtz,16.0000000,2,325801.931710999982897,6798175.534119999967515
-1,0,granitic-qtz,16.0000000,2,325802.134437999979127,6798175.320930000394583
-1,0,granitic-qtz,16.0000000,2,325802.235092999995686,6798175.235449999570847
-1,0,granitic-qtz,16.0000000,2,325802.469447000010405,6798175.078160000033677
-1,0,granitic-qtz,16.0000000,2,325802.679065999982413,6798175.028559999540448
-1,0,granitic-qtz,16.0000000,2,325802.879722999990918,6798174.952449999749660
-1,0,granitic-qtz,16.0000000,2,325803.013073000009172,6798174.877989999949932
-1,0,granitic-qtz,16.0000000,2,325803.318089000007603,6798174.658370000310242
-1,0,granitic-qtz,16.0000000,2,325803.423277999972925,6798174.601979999803007
-1,0,granitic-qtz,16.0000000,2,325803.493840000010096,6798174.539760000072420
-1,0,granitic-qtz,16.0000000,2,325803.677648000011686,6798174.352559999562800
-1,0,granitic-qtz,16.0000000,2,325803.827356999972835,6798174.273129999637604
-1,0,granitic-qtz,16.0000000,2,325803.990968999976758,6798174.196460000239313
-1,0,granitic-qtz,16.0000000,2,325804.338400000007823,6798174.080339999869466
-1,0,granitic-qtz,16.0000000,2,325804.427166000008583,6798174.039560000412166
-1,0,granitic-qtz,16.0000000,2,325804.691225000016857,6798173.916969999670982
-1,0,granitic-qtz,16.0000000,2,325804.959965999994893,6798173.794339999556541
-1,0,granitic-qtz,16.0000000,2,325805.222871000005398,6798173.618970000185072
-1,0,granitic-qtz,16.0000000,2,325805.441356000024825,6798173.492359999567270
-1,0,granitic-qtz,16.0000000,2,325805.709581999981310,6798173.352099999785423
-1,0,granitic-qtz,16.0000000,2,325805.920296999975108,6798173.223380000330508
-1,0,granitic-qtz,16.0000000,2,325806.046069999982137,6798173.127630000002682
-1,0,granitic-qtz,16.0000000,2,325806.240430000005290,6798172.919639999978244
-1,0,granitic-qtz,16.0000000,2,325806.340825000021141,6798172.728629999794066
-1,0,granitic-qtz,16.0000000,2,325806.403738999972120,6798172.552899999544024
-1,0,granitic-qtz,16.0000000,2,325806.464174999971874,6798172.392880000174046
-1,0,granitic-qtz,16.0000000,2,325806.606693000008818,6798172.176119999960065
-1,0,granitic-qtz,16.0000000,2,325806.754818000015803,6798172.046570000238717
-1,0,granitic-qtz,16.0000000,2,325806.916329999978188,6798171.954020000062883
-1,0,granitic-qtz,16.0000000,2,325807.058243000006769,6798171.848430000245571
-1,0,granitic-qtz,16.0000000,2,325807.265107000013813,6798171.632430000230670
-1,0,granitic-qtz,16.0000000,2,325807.417212000000291,6798171.510579999536276
-1,0,granitic-qtz,16.0000000,2,325807.585881999984849,6798171.402400000020862
-1,0,qtz-peg,15.1000004,3,325795.670352999994066,6798182.215819999575615
-1,0,qtz-peg,15.1000004,3,325795.867924000020139,6798182.034149999730289
-1,0,qtz-peg,15.1000004,3,325796.027310999983456,6798181.933690000325441
-1,0,qtz-peg,15.1000004,3,325796.143385000003036,6798181.924920000135899
-1,0,qtz-peg,15.1000004,3,325796.262806000013370,6798181.926939999684691
-1,0,qtz-peg,15.1000004,3,325796.456264999986161,6798181.869119999930263
-1,0,qtz-peg,15.1000004,3,325796.655807000002824,6798181.866929999552667
-1,0,qtz-peg,15.1000004,3,325796.791137999971397,6798181.816209999844432
-1,0,qtz-peg,15.1000004,3,325797.022814000025392,6798181.687810000032187
-1,0,qtz-peg,15.1000004,3,325797.210823000001255,6798181.532370000146329
-1,0,qtz-peg,15.1000004,3,325797.359028999984730,6798181.397499999962747
-1,0,qtz-peg,15.1000004,3,325797.541960000002291,6798181.268360000103712
-1,0,qtz-peg,15.1000004,3,325797.626564999984112,6798181.193160000257194
-1,0,qtz-peg,15.1000004,3,325797.811754999973346,6798181.069380000233650
-1,0,qtz-peg,15.1000004,3,325797.907742000010330,6798181.015410000458360
-1,0,qtz-peg,15.1000004,3,325797.985503999982029,6798180.934899999760091
-1,0,qtz-peg,15.1000004,3,325798.043789000017568,6798180.917270000092685
-1,0,qtz-peg,15.1000004,3,325798.225245999987237,6798180.885759999975562
-1,0,qtz-peg,15.1000004,3,325798.631081999978051,6798180.744140000082552
-1,0,qtz-peg,15.1000004,3,325798.863905999984127,6798180.618669999763370
-1,0,qtz-peg,15.1000004,3,325799.110923999978695,6798180.499549999833107
-1,0,qtz-peg,15.1000004,3,325799.322554000013042,6798180.310220000334084
-1,0,qtz-peg,15.1000004,3,325799.483476999972481,6798180.101619999855757
-1,0,qtz-peg,15.1000004,3,325799.570947000000160,6798179.905740000307560
-1,0,qtz-peg,15.1000004,3,325799.647233000025153,6798179.730170000344515
-1,0,qtz-peg,15.1000004,3,325799.803742000018246,6798179.515759999863803
-1,0,qtz-peg,15.1000004,3,325799.966474000015296,6798179.304309999570251
-1,0,qtz-peg,15.1000004,3,325800.145521000027657,6798179.162499999627471
-1,0,qtz-peg,15.1000004,3,325800.406024000025354,6798179.027560000307858
-1,0,qtz-peg,15.1000004,3,325800.787675000028685,6798178.798109999857843
-1,0,qtz-peg,15.1000004,3,325800.856715000001714,6798178.681780000217259
-1,0,qtz-peg,15.1000004,3,325801.054143999994267,6798178.515949999913573
-1,0,qtz-peg,15.1000004,3,325801.192252999986522,6798178.436239999718964
-1,0,qtz-peg,15.1000004,3,325801.424922999984119,6798178.242010000161827
-1,0,qtz-peg,15.1000004,3,325801.636921999976039,6798178.012330000288785
-1,0,qtz-peg,15.1000004,3,325801.768837000010535,6798177.863060000352561
-1,0,qtz-peg,15.1000004,3,325801.875757000001613,6798177.729209999553859
-1,0,qtz-peg,15.1000004,3,325801.958278000005521,6798177.643450000323355
-1,0,qtz-peg,15.1000004,3,325802.201276000007056,6798177.533730000257492
-1,0,qtz-peg,15.1000004,3,325802.422252000018489,6798177.448440000414848
-1,0,qtz-peg,15.1000004,3,325802.485999000025913,6798177.424639999866486
-1,0,qtz-peg,15.1000004,3,325802.685510999988765,6798177.269369999878109
-1,0,qtz-peg,15.1000004,3,325802.848631999979261,6798177.012029999867082
-1,0,qtz-peg,15.1000004,3,325802.938347999996040,6798176.842219999991357
-1,0,qtz-peg,15.1000004,3,325803.106593000004068,6798176.660269999876618
-1,0,qtz-peg,15.1000004,3,325803.346527000016067,6798176.456480000168085
-1,0,qtz-peg,15.1000004,3,325803.608762999996543,6798176.257459999993443
-1,0,qtz-peg,15.1000004,3,325803.829474999976810,6798176.128820000216365
-1,0,qtz-peg,15.1000004,3,325804.099958000006154,6798175.993970000185072
-1,0,qtz-peg,15.1000004,3,325804.325032000022475,6798175.883150000125170
-1,0,qtz-peg,15.1000004,3,325804.528464999981225,6798175.784690000116825
-1,0,qtz-peg,15.1000004,3,325804.714115999988280,6798175.623890000395477
-1,0,qtz-peg,15.1000004,3,325804.913763999997173,6798175.466079999692738
-1,0,qtz-peg,15.1000004,3,325805.002930000016931,6798175.398819999769330
-1,0,qtz-peg,15.1000004,3,325805.254338000027929,6798175.296959999948740
-1,0,qtz-peg,15.1000004,3,325805.404900000023190,6798175.209699999541044
-1,0,qtz-peg,15.1000004,3,325805.600306999986060,6798175.022780000232160
-1,0,qtz-peg,15.1000004,3,325805.833203000016510,6798174.756830000318587
-1,0,qtz-peg,15.1000004,3,325805.953298999986146,6798174.567520000040531
-1,0,qtz-peg,15.1000004,3,325806.062139999994542,6798174.369160000234842
-1,0,qtz-peg,15.1000004,3,325806.196207000000868,6798174.247150000184774
-1,0,qtz-peg,15.1000004,3,325806.262846000026911,6798174.134770000353456
-1,0,qtz-peg,15.1000004,3,325806.484233000024687,6798173.895250000059605
-1,0,qtz-peg,15.1000004,3,325806.621156000008341,6798173.763109999708831
-1,0,qtz-peg,15.1000004,3,325806.797762000001967,6798173.594309999607503
-1,0,qtz-peg,15.1000004,3,325806.942005000018980,6798173.414970000274479
-1,0,qtz-peg,15.1000004,3,325807.148197999980766,6798173.156460000202060
-1,0,qtz-peg,15.1000004,3,325807.264614999992773,6798172.976329999975860
-1,0,qtz-peg,15.1000004,3,325807.488621999975294,6798172.742300000041723
-1,0,granitic-qtz,18.2000008,4,325796.502404000028037,6798183.502249999903142
-1,0,granitic-qtz,18.2000008,4,325796.762344999995548,6798183.219659999944270
-1,0,granitic-qtz,18.2000008,4,325796.921358000021428,6798183.137600000016391
-1,0,granitic-qtz,18.2000008,4,325797.244482000009157,6798182.955880000256002
-1,0,granitic-qtz,18.2000008,4,325797.481713999994099,6798182.789420000277460
-1,0,granitic-qtz,18.2000008,4,325797.762528999999631,6798182.628539999946952
-1,0,granitic-qtz,18.2000008,4,325798.033256999973673,6798182.485270000062883
-1,0,granitic-qtz,18.2000008,4,325798.319574000022840,6798182.320469999685884
-1,0,granitic-qtz,18.2000008,4,325798.550210000015795,6798182.212740000337362
-1,0,granitic-qtz,18.2000008,4,325798.822730000014417,6798181.988309999927878
-1,0,granitic-qtz,18.2000008,4,325799.082435999996960,6798181.798820000141859
-1,0,granitic-qtz,18.2000008,4,325799.419884999981150,6798181.575360000133514
-1,0,granitic-qtz,18.2000008,4,325799.802202999999281,6798181.254049999639392
-1,0,granitic-qtz,18.2000008,4,325800.126610999985132,6798180.990389999933541
-1,0,granitic-qtz,18.2000008,4,325800.426093999994919,6798180.735849999822676
-1,0,granitic-qtz,18.2000008,4,325800.679293999972288,6798180.492010000161827
-1,0,granitic-qtz,18.2000008,4,325801.020431999990251,6798180.200079999864101
-1,0,granitic-qtz,18.2000008,4,325801.333606000000145,6798179.886699999682605
-1,0,granitic-qtz,18.2000008,4,325801.477887000015471,6798179.713750000111759
-1,0,granitic-qtz,18.2000008,4,325801.706713000021409,6798179.464049999602139
-1,0,granitic-qtz,18.2000008,4,325801.976645999995526,6798179.262409999966621
-1,0,granitic-qtz,18.2000008,4,325802.137777000025380,6798178.884999999776483
-1,0,granitic-qtz,18.2000008,4,325802.251577000017278,6798178.723229999653995
-1,0,granitic-qtz,18.2000008,4,325802.335374000016600,6798178.553030000068247
-1,0,granitic-qtz,18.2000008,4,325802.611521999991965,6798178.366000000387430
-1,0,granitic-qtz,18.2000008,4,325802.672726000018883,6798178.303629999980330
-1,0,granitic-qtz,18.2000008,4,325802.766928999975789,6798178.212729999795556
-1,0,granitic-qtz,18.2000008,4,325802.972822999989148,6798178.099790000356734
-1,0,granitic-qtz,18.2000008,4,325803.273707000014838,6798177.998920000158250
-1,0,granitic-qtz,18.2000008,4,325803.513948999985587,6798177.910219999961555
-1,0,granitic-qtz,18.2000008,4,325803.578266999975313,6798177.803009999915957
-1,0,granitic-qtz,18.2000008,4,325803.692107999988366,6798177.638580000028014
-1,0,granitic-qtz,18.2000008,4,325803.817310000013094,6798177.490179999731481
-1,0,granitic-qtz,18.2000008,4,325803.927007000020240,6798177.296649999916553
-1,0,granitic-qtz,18.2000008,4,325804.007069999992382,6798177.218720000237226
-1,0,granitic-qtz,18.2000008,4,325804.218738999974448,6798177.026840000413358
-1,0,granitic-qtz,18.2000008,4,325804.394411000015680,6798176.835959999822080
-1,0,granitic-qtz,18.2000008,4,325804.547244000015780,6798176.633550000376999
-1,0,granitic-qtz,18.2000008,4,325804.773253999999724,6798176.415400000289083
-1,0,granitic-qtz,18.2000008,4,325804.996128000027966,6798176.249959999695420
-1,0,granitic-qtz,18.2000008,4,325805.228418999991845,6798176.075240000151098
-1,0,granitic-qtz,18.2000008,4,325805.427859999996144,6798175.962779999710619
-1,0,granitic-qtz,18.2000008,4,325805.729234000027645,6798175.796830000355840
-1,0,granitic-qtz,18.2000008,4,325805.930526999989524,6798175.678609999828041
-1,0,granitic-qtz,18.2000008,4,325806.011747999989893,6798175.614260000176728
-1,0,granitic-qtz,18.2000008,4,325806.151062000019010,6798175.516029999591410
-1,0,granitic-qtz,18.2000008,4,325806.294249999977183,6798175.410550000146031
-1,0,granitic-qtz,18.2000008,4,325806.370477000018582,6798175.320509999990463
-1,0,granitic-qtz,18.2000008,4,325806.487603000015952,6798175.175280000083148
-1,0,granitic-qtz,18.2000008,4,325806.565644000016619,6798175.076259999535978
-1,0,granitic-qtz,18.2000008,4,325806.571398000000045,6798175.005189999938011
-1,0,granitic-qtz,18.2000008,4,325806.595122999977320,6798174.907259999774396
-1,0,granitic-qtz,18.2000008,4,325806.644480000017211,6798174.802710000425577
-1,0,granitic-qtz,18.2000008,4,325806.724050000018906,6798174.692049999721348
-1,0,granitic-qtz,18.2000008,4,325806.870502999983728,6798174.543159999884665
-1,0,granitic-qtz,18.2000008,4,325806.971343000011984,6798174.485080000013113
-1,0,granitic-qtz,18.2000008,4,325807.114751000015531,6798174.408239999786019
-1,0,granitic-qtz,18.2000008,4,325807.254124000028241,6798174.349580000154674
-1,0,granitic-qtz,18.2000008,4,325807.327231000002939,6798174.303030000068247
-1,0,granitic-qtz,18.2000008,4,325807.465320000017527,6798174.158649999648333
-1,0,granitic-qtz,18.2000008,4,325807.547852999996394,6798174.043349999934435
-1,0,granitic-qtz,18.2000008,4,325807.601390999974683,6798173.940729999914765
-1,0,granitic-qtz,18.2000008,4,325807.632790000003297,6798173.856739999726415
-1,0,granitic-qtz,18.2000008,4,325807.698923000018112,6798173.702589999884367
-1,0,granitic-qtz,18.2000008,4,325807.759068000013940,6798173.600340000353754
-1,0,granitic-qtz,18.2000008,4,325807.853772000002209,6798173.493160000070930
-1,0,granitic-qtz,18.2000008,4,325807.962126999977045,6798173.403739999979734
-1,0,granitic-qtz,18.2000008,4,325808.048875999986194,6798173.346180000342429
-1,0,granitic-qtz,18.2000008,4,325808.167720000026748,6798173.219050000421703
-1,0,granitic-qtz,18.2000008,4,325808.275192999979481,6798173.081810000352561
-1,0,granitic-qtz,18.2000008,4,325808.354068999993615,6798172.927500000223517
-1,0,granitic-qtz,18.2000008,4,325808.474635999999009,6798172.743769999593496
-1,0,granitic-qtz,18.2000008,4,325808.602374000009149,6798172.620470000430942
-1,0,granitic-qtz,18.2000008,4,325808.699337999976706,6798172.529459999874234
-1,0,granitic-qtz,18.2000008,4,325808.812864999985322,6798172.445960000157356
-1,0,granitic-qtz,18.2000008,4,325808.962248000025284,6798172.354059999808669
-1,0,granitic-qtz,18.2000008,4,325809.125082999991719,6798172.269229999743402
-1,0,granitic-qtz,18.2000008,4,325809.195209000026807,6798172.235930000431836
-1,0,granitic-qtz,18.2000008,4,325809.245011000020895,6798172.160199999809265
-1,0,granitic-qtz,18.2000008,4,325809.286205000011250,6798172.047430000267923
-1,0,granitic-qtz,18.2000008,4,325809.361549000022933,6798171.972090000286698
-1,0,granitic-qtz,18.2000008,4,325809.455950999981724,6798171.867999999783933
-1,0,granitic-qtz,18.2000008,4,325809.559135999996215,6798171.795739999972284
-1,0,granitic-qtz,18.2000008,4,325809.671741999976803,6798171.713089999742806
-1,0,granitic-qtz,18.2000008,4,325809.772799999976996,6798171.602309999987483
-1,0,granitic-qtz,18.2000008,4,325809.848586999985855,6798171.528439999558032
-1,0,granitic-qtz,18.2000008,4,325809.964581999985967,6798171.458410000428557
-1,0,granitic-qtz,18.2000008,4,325810.046106000023428,6798171.399439999833703
-1,0,granitic-qtz,16.3999996,5,325795.435993999999482,6798181.753299999982119
-1,0,granitic-qtz,16.3999996,5,325795.532663999998476,6798181.589390000328422
-1,0,granitic-qtz,16.3999996,5,325795.647918000002392,6798181.466989999637008
-1,0,granitic-qtz,16.3999996,5,325795.808444000023883,6798181.368660000152886
-1,0,granitic-qtz,16.3999996,5,325795.912035999994259,6798181.288870000280440
-1,0,granitic-qtz,16.3999996,5,325795.999911000020802,6798181.145659999921918
-1,0,granitic-qtz,16.3999996,5,325796.017009000002872,6798181.104690000414848
-1,0,granitic-qtz,16.3999996,5,325796.092336000001524,6798180.972269999794662
-1,0,granitic-qtz,16.3999996,5,325796.242015000025276,6798180.863660000264645
-1,0,granitic-qtz,16.3999996,5,325796.428457000001799,6798180.733380000106990
-1,0,granitic-qtz,16.3999996,5,325796.606697999988683,6798180.540330000221729
-1,0,granitic-qtz,16.3999996,5,325796.703441000019666,6798180.481390000320971
-1,0,granitic-qtz,16.3999996,5,325796.806074000021908,6798180.368219999596477
-1,0,granitic-qtz,16.3999996,5,325796.897541999991518,6798180.335789999924600
-1,0,granitic-qtz,16.3999996,5,325796.996321999991778,6798180.309910000301898
-1,0,granitic-qtz,16.3999996,5,325797.164947999990545,6798180.262799999676645
-1,0,granitic-qtz,16.3999996,5,325797.376236999989487,6798180.070249999873340
-1,0,granitic-qtz,16.3999996,5,325797.522475000005215,6798179.910740000195801
-1,0,granitic-qtz,16.3999996,5,325797.697576000005938,6798179.731829999946058
-1,0,granitic-qtz,16.3999996,5,325797.855640000023413,6798179.564079999923706
-1,0,granitic-qtz,16.3999996,5,325797.963991000025999,6798179.453209999948740
-1,0,granitic-qtz,16.3999996,5,325798.090842999983579,6798179.311820000410080
-1,0,granitic-qtz,16.3999996,5,325798.249241999990772,6798179.160579999908805
-1,0,granitic-qtz,16.3999996,5,325798.305201000010129,6798179.045160000212491
-1,0,granitic-qtz,16.3999996,5,325798.398022999987006,6798178.839069999754429
-1,0,granitic-qtz,16.3999996,5,325798.451966999971773,6798178.753759999759495
-1,0,granitic-qtz,16.3999996,5,325798.542771000007633,6798178.681320000439882
-1,0,granitic-qtz,16.3999996,5,325798.673795000009704,6798178.605929999612272
-1,0,granitic-qtz,16.3999996,5,325798.841985000006389,6798178.523120000027120
-1,0,granitic-qtz,16.3999996,5,325799.032055000017863,6798178.444299999624491
-1,0,granitic-qtz,16.3999996,5,325799.283644000010099,6798178.275750000029802
-1,0,granitic-qtz,16.3999996,5,325799.484831999987364,6798178.164509999565780
-1,0,granitic-qtz,16.3999996,5,325799.639938000007533,6798178.063439999707043
-1,0,granitic-qtz,16.3999996,5,325799.801664000027813,6798177.917910000309348
-1,0,granitic-qtz,16.3999996,5,325799.858179999981076,6798177.862460000440478
-1,0,granitic-qtz,16.3999996,5,325799.946078000008129,6798177.775890000164509
-1,0,granitic-qtz,16.3999996,5,325800.200177000020631,6798177.634859999641776
-1,0,granitic-qtz,16.3999996,5,325800.300480999983847,6798177.559679999947548
-1,0,granitic-qtz,16.3999996,5,325800.428454999986570,6798177.486019999720156
-1,0,granitic-qtz,16.3999996,5,325800.738352000014856,6798177.350039999932051
-1,0,granitic-qtz,16.3999996,5,325800.910303000011481,6798177.231270000338554
-1,0,granitic-qtz,16.3999996,5,325801.074612000025809,6798177.101959999650717
-1,0,granitic-qtz,16.3999996,5,325801.200713999976870,6798176.945589999668300
-1,0,granitic-qtz,16.3999996,5,325801.232439999992494,6798176.730150000192225
-1,0,granitic-qtz,16.3999996,5,325801.278575000003912,6798176.593740000389516
-1,0,granitic-qtz,16.3999996,5,325801.291018999996595,6798176.383000000379980
-1,0,granitic-qtz,16.3999996,5,325801.364439999975730,6798176.286460000090301
-1,0,granitic-qtz,16.3999996,5,325801.518320999981370,6798176.085730000399053
-1,0,granitic-qtz,16.3999996,5,325801.617184999980964,6798175.989679999649525
-1,0,granitic-qtz,16.3999996,5,325801.797816000005696,6798175.857850000262260
-1,0,granitic-qtz,16.3999996,5,325802.017651000001933,6798175.745120000094175
-1,0,granitic-qtz,16.3999996,5,325802.132757999992464,6798175.651870000176132
-1,0,granitic-qtz,16.3999996,5,325802.241001999995206,6798175.548100000247359
-1,0,granitic-qtz,16.3999996,5,325802.444556000002194,6798175.435119999572635
-1,0,granitic-qtz,16.3999996,5,325802.656903999974020,6798175.385569999925792
-1,0,granitic-qtz,16.3999996,5,325802.910190000024159,6798175.363010000437498
-1,0,granitic-qtz,16.3999996,5,325803.140391999972053,6798175.332240000367165
-1,0,granitic-qtz,16.3999996,5,325803.405899000004865,6798175.262319999746978
-1,0,granitic-qtz,16.3999996,5,325803.490122999995947,6798175.218810000456870
-1,0,granitic-qtz,16.3999996,5,325803.654809999978170,6798175.070890000090003
-1,0,granitic-qtz,16.3999996,5,325803.849341000022832,6798174.942040000110865
-1,0,granitic-qtz,16.3999996,5,325803.992110999999568,6798174.857189999893308
-1,0,granitic-qtz,16.3999996,5,325804.161750000028405,6798174.775290000252426
-1,0,granitic-qtz,16.3999996,5,325804.374384000024293,6798174.680959999561310
-1,0,granitic-qtz,16.3999996,5,325804.584860000002664,6798174.568090000189841
-1,0,granitic-qtz,16.3999996,5,325804.711010000028182,6798174.511920000426471
-1,0,granitic-qtz,16.3999996,5,325804.830674999975599,6798174.426710000261664
-1,0,granitic-qtz,16.3999996,5,325804.922896999982186,6798174.312060000374913
-1,0,granitic-qtz,16.3999996,5,325805.034478000015952,6798174.142269999720156
-1,0,granitic-qtz,16.3999996,5,325805.127705999999307,6798174.057780000381172
-1,0,granitic-qtz,16.3999996,5,325805.243346999981441,6798173.987259999848902
-1,0,granitic-qtz,16.3999996,5,325805.479544000001624,6798173.862920000217855
-1,0,granitic-qtz,16.3999996,5,325805.618422999978065,6798173.777449999935925
-1,0,granitic-qtz,16.3999996,5,325805.852605999971274,6798173.586360000073910
-1,0,granitic-qtz,16.3999996,5,325806.045411999977659,6798173.423120000399649
-1,0,granitic-qtz,16.3999996,5,325806.151040999975521,6798173.337600000202656
-1,0,granitic-qtz,16.3999996,5,325806.406345999974292,6798173.148919999599457
-1,0,granitic-qtz,16.3999996,5,325806.470223999989685,6798173.070860000327229
-1,0,granitic-qtz,16.3999996,5,325806.618511000007857,6798172.930669999681413
-1,0,granitic-qtz,16.3999996,5,325806.774523000000045,6798172.582220000214875
-1,0,granitic-qtz,16.3999996,5,325806.912720000022091,6798172.341679999604821
-1,0,granitic-qtz,16.3999996,5,325807.061204999976326,6798172.188310000114143
-1,0,granitic-qtz,16.3999996,5,325807.124576999980491,6798172.093759999610484
-1,0,granitic-qtz,16.3999996,5,325807.194183000014164,6798171.989919999614358
-1,0,granitic-qtz,16.3999996,5,325807.366365000023507,6798171.791229999624193
-1,0,granitic-qtz,16.3999996,5,325807.498672000016086,6798171.643710000440478
-1,0,granitic-qtz,16.3999996,5,325807.766044999996666,6798171.411439999938011
-1,0,granitic-qtz,16.3999996,5,325808.003795999975409,6798171.229369999840856
-1,0,granitic-qtz,16.3999996,5,325808.336153000011109,6798170.955520000308752
-1,0,granitic-qtz,16.3999996,5,325808.463825999991968,6798170.895379999652505
-1,0,granitic-qtz,16.3999996,5,325808.580912999983411,6798170.825989999808371
-1,0,granitic-qtz,16.3999996,5,325808.719498999998905,6798170.714689999818802
-1,0,granitic-qtz,16.3999996,5,325808.808266000007279,6798170.673799999989569
-1,0,granitic-qtz,16.3999996,5,325809.083847999980208,6798170.556590000167489
-1,0,granitic-qtz,16.3999996,5,325809.317763999977615,6798170.428340000100434
-1,0,granitic-qtz,16.3999996,5,325809.381564999988768,6798170.355370000004768
-1,0,granitic-qtz,16.3999996,5,325809.496892000024673,6798170.241059999912977
-1,0,granitic-qtz,16.3999996,5,325809.702746000024490,6798170.130780000239611
-1,0,granitic-qtz,16.3999996,5,325809.875667000014801,6798170.031639999710023
-1,0,granitic-qtz,16.3999996,5,325810.058845999999903,6798169.892540000379086
-1,0,granitic-qtz,16.3999996,5,325810.233724999998230,6798169.706539999693632
-1,0,granitic-qtz,16.3999996,5,325810.449253999977373,6798169.526229999959469
-1,0,granitic-qtz,16.3999996,5,325810.635598000022583,6798169.325989999808371
-1,0,granitic-qtz,16.3999996,5,325810.680300000007264,6798169.284439999610186
-1,0,granitic-qtz,16.3999996,5,325810.979281999985687,6798169.154500000178814
-1,0,granitic-qtz,16.3999996,5,325811.190112999989651,6798169.043960000388324
-1,0,granitic-qtz,16.3999996,5,325811.405209999997169,6798168.915649999864399
-1,0,granitic-qtz,16.3999996,5,325811.662846999999601,6798168.753390000201762
-1,0,granitic-qtz,16.3999996,5,325811.793300000019372,6798168.715789999812841
-1,0,granitic-qtz,16.3999996,5,325812.092172999982722,6798168.560689999721944
-1,0,granitic-qtz,16.3999996,5,325812.399152000027243,6798168.359609999693930
-1,0,granitic-qtz,16.3999996,5,325812.764573000022210,6798168.130479999817908
-1,0,granitic-qtz,16.3999996,5,325813.069840000011027,6798167.939460000023246
-1,0,granitic-qtz,16.3999996,5,325813.158077000000048,6798167.888469999656081
-1,0,granitic-qtz,16.3999996,5,325813.414227999979630,6798167.676099999807775
-1,0,granitic-qtz,16.3999996,5,325813.568918999982998,6798167.570249999873340
-1,0,granitic-qtz,16.3999996,5,325813.919654000026640,6798167.357970000244677
-1,0,granitic-qtz,16.3999996,5,325814.245531000022311,6798167.138770000077784
-1,0,granitic-qtz,16.3999996,5,325814.348797000013292,6798167.061189999803901
-1,0,granitic-qtz,16.3999996,5,325814.409761000017170,6798167.014680000022054
-1,0,granitic-qtz,16.3999996,5,325814.480841999989934,6798166.918100000359118
-1,0,granitic-qtz,16.3999996,5,325814.531696000020020,6798166.779099999926984
-1,0,porphyro-granitic,23.8999996,6,325800.207955999998376,6798172.946729999966919
-1,0,porphyro-granitic,23.8999996,6,325800.644229999976233,6798172.674999999813735
-1,0,porphyro-granitic,23.8999996,6,325801.027667000016663,6798172.447470000013709
-1,0,porphyro-granitic,23.8999996,6,325801.317313999985345,6798172.212439999915659
-1,0,porphyro-granitic,23.8999996,6,325801.597051999997348,6798171.923270000144839
-1,0,porphyro-granitic,23.8999996,6,325801.743524999998044,6798171.773959999904037
-1,0,porphyro-granitic,23.8999996,6,325802.129530999984127,6798171.382770000025630
-1,0,porphyro-granitic,23.8999996,6,325802.509843999985605,6798170.974639999680221
-1,0,porphyro-granitic,23.8999996,6,325802.824698999989778,6798170.710389999672771
-1,0,porphyro-granitic,23.8999996,6,325803.188366000016686,6798170.293909999541938
-1,0,porphyro-granitic,23.8999996,6,325803.350164000003133,6798170.027350000105798
-1,0,porphyro-granitic,23.8999996,6,325803.430784000025596,6798169.912519999779761
-1,0,porphyro-granitic,23.8999996,6,325803.580535000015516,6798169.830319999717176
-1,0,porphyro-granitic,23.8999996,6,325803.710414999979548,6798169.649840000085533
-1,0,porphyro-granitic,23.8999996,6,325804.002625000022817,6798169.348340000025928
-1,0,porphyro-granitic,23.8999996,6,325804.373483999981545,6798169.069079999811947
-1,0,porphyro-granitic,23.8999996,6,325804.748846000002231,6798168.795099999755621
-1,0,porphyro-granitic,23.8999996,6,325804.978577999980189,6798168.640399999916553
-1,0,porphyro-granitic,23.8999996,6,325805.190168000000995,6798168.453730000182986
-1,0,porphyro-granitic,23.8999996,6,325805.617570000002161,6798168.117250000126660
-1,0,porphyro-granitic,23.8999996,6,325805.790919999999460,6798168.009139999747276
-1,0,porphyro-granitic,23.8999996,6,325806.104343999992125,6798167.839739999733865
-1,0,porphyro-granitic,23.8999996,6,325806.246741999988444,6798167.630970000289381
-1,0,porphyro-granitic,23.8999996,6,325806.425029999983963,6798167.253809999674559
-1,0,porphyro-granitic,23.8999996,6,325806.686227999976836,6798166.862180000171065
-1,0,porphyro-granitic,23.8999996,6,325807.003438999992795,6798166.467720000073314
-1,0,porphyro-granitic,23.8999996,6,325807.326358999998774,6798166.134630000218749
-1,0,porphyro-granitic,23.8999996,6,325807.779739000019617,6798165.762869999743998
-1,0,porphyro-granitic,23.8999996,6,325808.510628000018187,6798165.275679999962449
-1,0,porphyro-granitic,23.8999996,6,325808.895888000028208,6798164.959739999845624
-1,0,porphyro-granitic,23.8999996,6,325809.253520999976899,6798164.632840000092983
-1,0,porphyro-granitic,23.8999996,6,325809.831686999998055,6798164.172829999588430
-1,0,porphyro-granitic,23.8999996,6,325810.289483000000473,6798163.941660000011325
-1,0,porphyro-granitic,23.8999996,6,325810.604357999982312,6798163.740699999965727
-1,0,porphyro-granitic,23.8999996,6,325811.060118000023067,6798163.373060000129044
-1,0,porphyro-granitic,23.8999996,6,325811.525734000024386,6798162.910179999656975
-1,0,porphyro-granitic,23.8999996,6,325811.923302999988664,6798162.441960000433028
-1,0,porphyro-granitic,23.8999996,6,325812.196929000027012,6798162.150709999725223
-1,0,porphyro-granitic,23.8999996,6,325812.450803000014275,6798161.927649999968708
-1,0,porphyro-granitic,23.8999996,6,325813.064378999988548,6798161.557179999537766
-1,0,porphyro-granitic,23.8999996,6,325813.570948000007775,6798161.195629999972880
-1,0,porphyro-granitic,23.8999996,6,325814.151644999976270,6798160.845719999633729
-1,0,granitic-qtz,25.2000008,7,325796.619965000019874,6798183.860039999708533
-1,0,granitic-qtz,25.2000008,7,325797.026652999978978,6798183.504630000330508
-1,0,granitic-qtz,25.2000008,7,325797.360224000003655,6798183.288420000113547
-1,0,granitic-qtz,25.2000008,7,325797.638409000006504,6798183.097199999727309
-1,0,granitic-qtz,25.2000008,7,325797.854376000002958,6798182.962519999593496
-1,0,granitic-qtz,25.2000008,7,325797.953833999985363,6798182.903579999692738
-1,0,granitic-qtz,25.2000008,7,325798.285759999998845,6798182.817800000309944
-1,0,granitic-qtz,25.2000008,7,325798.404188000014983,6798182.790780000388622
-1,0,granitic-qtz,25.2000008,7,325798.617550000024494,6798182.590060000307858
-1,0,granitic-qtz,25.2000008,7,325798.711248999985401,6798182.513220000080764
-1,0,granitic-qtz,25.2000008,7,325798.973088999977335,6798182.402010000310838
-1,0,granitic-qtz,25.2000008,7,325799.083106999984011,6798182.284079999662936
-1,0,granitic-qtz,25.2000008,7,325799.226767999993172,6798182.198350000195205
-1,0,granitic-qtz,25.2000008,7,325799.472771000000648,6798182.055110000073910
-1,0,granitic-qtz,25.2000008,7,325799.991549000027589,6798181.825509999878705
-1,0,granitic-qtz,25.2000008,7,325800.218526999989990,6798181.696589999832213
-1,0,granitic-qtz,25.2000008,7,325800.463940999994520,6798181.463250000029802
-1,0,granitic-qtz,25.2000008,7,325800.603480999998283,6798181.278230000287294
-1,0,granitic-qtz,25.2000008,7,325800.746855999983381,6798181.055460000410676
-1,0,granitic-qtz,25.2000008,7,325800.983252000005450,6798180.770329999737442
-1,0,granitic-qtz,25.2000008,7,325801.319093999976758,6798180.415319999679923
-1,0,granitic-qtz,25.2000008,7,325801.538095000025351,6798180.162999999709427
-1,0,granitic-qtz,25.2000008,7,325801.737276000028942,6798179.881149999797344
-1,0,granitic-qtz,25.2000008,7,325802.022511999995913,6798179.536980000324547
-1,0,granitic-qtz,25.2000008,7,325802.196760000020731,6798179.260409999638796
-1,0,granitic-qtz,25.2000008,7,325802.442663000023458,6798178.958209999836981
-1,0,granitic-qtz,25.2000008,7,325802.588848999992479,6798178.802140000276268
-1,0,granitic-qtz,25.2000008,7,325802.724895999999717,6798178.703990000300109
-1,0,granitic-qtz,25.2000008,7,325802.841545999981463,6798178.663529999554157
-1,0,granitic-qtz,25.2000008,7,325803.102389000006951,6798178.598960000090301
-1,0,granitic-qtz,25.2000008,7,325803.364029999997001,6798178.481549999676645
-1,0,granitic-qtz,25.2000008,7,325803.603342999995220,6798178.305820000357926
-1,0,granitic-qtz,25.2000008,7,325803.833633999980520,6798178.114110000431538
-1,0,granitic-qtz,25.2000008,7,325804.021818000008352,6798177.898369999602437
-1,0,granitic-qtz,25.2000008,7,325804.200996999978088,6798177.720519999973476
-1,0,granitic-qtz,25.2000008,7,325804.427971999975853,6798177.474349999800324
-1,0,granitic-qtz,25.2000008,7,325804.634261000028346,6798177.204280000180006
-1,0,granitic-qtz,25.2000008,7,325804.834319000015967,6798176.995229999534786
-1,0,granitic-qtz,25.2000008,7,325805.061958000005689,6798176.820360000245273
-1,0,granitic-qtz,25.2000008,7,325805.350726999982726,6798176.602119999937713
-1,0,granitic-qtz,25.2000008,7,325805.716279999993276,6798176.393050000071526
-1,0,granitic-qtz,25.2000008,7,325805.992627999978140,6798176.189849999733269
-1,0,granitic-qtz,25.2000008,7,325806.113873999973293,6798175.909490000456572
-1,0,granitic-qtz,25.2000008,7,325806.185073999979068,6798175.805040000006557
-1,0,granitic-qtz,25.2000008,7,325806.265454999986105,6798175.706059999763966
-1,0,granitic-qtz,25.2000008,7,325806.504689999972470,6798175.535539999604225
-1,0,granitic-qtz,25.2000008,7,325806.771866000024602,6798175.355030000209808
-1,0,granitic-qtz,25.2000008,7,325806.974611999990884,6798175.147049999795854
-1,0,granitic-qtz,25.2000008,7,325807.121671999979299,6798174.933029999956489
-1,0,granitic-qtz,25.2000008,7,325807.211155999975745,6798174.844709999859333
-1,0,granitic-qtz,25.2000008,7,325807.591752999986056,6798174.534009999595582
-1,0,granitic-qtz,25.2000008,7,325807.667376000026707,6798174.440159999765456
-1,0,granitic-qtz,25.2000008,7,325807.863494999997783,6798174.284060000441968
-1,0,granitic-qtz,25.2000008,7,325808.109513000003062,6798174.051249999552965
-1,0,granitic-qtz,25.2000008,7,325808.208895999996457,6798173.920859999954700
-1,0,granitic-qtz,25.2000008,7,325808.323174000019208,6798173.727400000207126
-1,0,granitic-qtz,25.2000008,7,325808.497638000000734,6798173.545479999855161
-1,0,granitic-qtz,25.2000008,7,325808.594995999999810,6798173.407069999724627
-1,0,granitic-qtz,25.2000008,7,325808.767469000013079,6798173.211889999918640
-1,0,granitic-qtz,25.2000008,7,325808.945950000023004,6798173.051149999722838
-1,0,granitic-qtz,25.2000008,7,325809.298187999986112,6798172.771610000170767
-1,0,granitic-qtz,25.2000008,7,325809.439076000009663,6798172.662899999879301
-1,0,granitic-qtz,25.2000008,7,325809.628497000026982,6798172.407390000298619
-1,0,granitic-qtz,25.2000008,7,325809.784121999982744,6798172.246150000020862
-1,0,granitic-qtz,25.2000008,7,325809.921929000003729,6798172.134510000236332
-1,0,granitic-qtz,25.2000008,7,325810.121782000001986,6798172.008620000444353
-1,0,granitic-qtz,25.2000008,7,325810.272247000015341,6798171.879099999554455
-1,0,granitic-qtz,25.2000008,7,325810.395152000011876,6798171.727889999747276
-1,0,granitic-qtz,25.2000008,7,325810.555595999991056,6798171.550970000214875
-1,0,granitic-qtz,25.2000008,7,325810.672801000007894,6798171.473720000125468
-1,0,granitic-qtz,25.2000008,7,325810.780666999984533,6798171.401410000398755
-1,0,granitic-qtz,25.2000008,7,325810.933169000025373,6798171.331079999916255
-1,0,granitic-qtz,25.2000008,7,325811.117213000019547,6798171.237689999863505
-1,0,granitic-qtz,25.2000008,7,325811.306976000021677,6798171.084820000454783
-1,0,granitic-qtz,25.2000008,7,325811.465504999971017,6798170.963790000416338
-1,0,granitic-qtz,25.2000008,7,325811.636536000005435,6798170.832320000045002
-1,0,granitic-qtz,25.2000008,7,325811.858433999994304,6798170.705660000443459
-1,0,granitic-qtz,25.2000008,7,325812.069348999997601,6798170.540760000236332
-1,0,granitic-qtz,25.2000008,7,325812.244306000007782,6798170.401720000430942
-1,0,granitic-qtz,25.2000008,7,325812.468128999986220,6798170.282259999774396
-1,0,granitic-qtz,25.2000008,7,325812.649387000012212,6798170.190030000172555
-1,0,granitic-qtz,25.2000008,7,325812.855865999998059,6798170.069570000283420
-1,0,granitic-qtz,25.2000008,7,325813.057012000004761,6798170.003739999607205
-1,0,granitic-qtz,25.2000008,7,325813.206600999983493,6798169.917870000004768
-1,0,granitic-qtz,25.2000008,7,325813.371549999981653,6798169.760549999773502
-1,0,granitic-qtz,25.2000008,7,325813.508649999974295,6798169.599129999987781
-1,0,granitic-qtz,25.2000008,7,325813.698206999979448,6798169.319020000286400
-1,0,granitic-qtz,25.2000008,7,325813.897012999979779,6798169.077510000206530
-1,0,granitic-qtz,25.2000008,7,325814.207208000007086,6798168.818400000222027
-1,0,granitic-qtz,25.2000008,7,325814.413659000012558,6798168.668560000136495
-1,0,granitic-qtz,25.2000008,7,325814.517003000015393,6798168.585769999772310
-1,0,granitic-qtz,25.2000008,7,325814.668406000011601,6798168.387659999541938
-1,0,granitic-qtz,25.2000008,7,325814.875334999989718,6798168.148040000349283
-1,0,granitic-qtz,25.2000008,7,325814.973840999999084,6798168.075709999538958
-1,0,granitic-qtz,25.2000008,7,325815.203732999972999,6798167.910380000248551
-1,0,granitic-qtz,25.2000008,7,325815.343583000008948,6798167.870369999669492
-1,0,granitic-qtz,25.2000008,7,325815.575048999977298,6798167.774589999578893
-1,0,granitic-qtz,25.2000008,7,325815.782915999996476,6798167.660749999806285