OID,Id,units,length,ORIG_FID,POINT_X,POINT_Y
-1,0,qtz-peg-pt,21.2000008,0,325811.226991000003181,6798164.611309999600053
-1,0,qtz-peg-pt,21.2000008,0,325811.420358999981545,6798164.479170000180602
-1,0,qtz-peg-pt,21.2000008,0,325811.605861000018194,6798164.340599999763072
-1,0,qtz-peg-pt,21.2000008,0,325811.875230000005104,6798164.127980000339448
-1,0,qtz-peg-pt,21.2000008,0,325812.092483000014909,6798163.970730000175536
-1,0,qtz-peg-pt,21.2000008,0,325812.302836999995634,6798163.836930000223219
-1,0,qtz-peg-pt,21.2000008,0,325812.605773999996018,6798163.702410000376403
-1,0,qtz-peg-pt,21.2000008,0,325812.886294999974780,6798163.561560000292957
-1,0,qtz-peg-pt,21.2000008,0,325813.314760999986902,6798163.386599999852479
-1,0,qtz-peg-pt,21.2000008,0,325813.626458999991883,6798163.254510000348091
-1,0,qtz-peg-pt,21.2000008,0,325813.864502999989782,6798163.110349999740720
-1,0,qtz-peg-pt,21.2000008,0,325814.063619000022300,6798162.988560000434518
-1,0,qtz-peg-pt,21.2000008,0,325814.315086000016890,6798162.853919999673963
-1,0,qtz-peg-pt,21.2000008,0,325814.539127999974880,6798162.714429999701679
-1,0,qtz-peg-pt,21.2000008,0,325814.817963999987114,6798162.556040000170469
-1,0,qtz-peg-pt,21.2000008,0,325815.007954999979120,6798162.398409999907017
-1,0,qtz-peg-pt,21.2000008,0,325815.231496999971569,6798162.188649999909103
-1,0,qtz-peg-pt,21.2000008,0,325815.343715000024531,6798162.060659999959171
-1,0,qtz-peg-pt,21.2000008,0,325815.533679999993183,6798161.874350000172853
-1,0,qtz-peg-pt,21.2000008,0,325815.718752000015229,6798161.680689999833703
-1,0,qtz-peg-pt,21.2000008,0,325815.955450000008568,6798161.418050000444055
-1,0,qtz-peg-pt,21.2000008,0,325816.191686999984086,6798161.142529999837279
-1,0,qtz-peg-pt,21.2000008,0,325816.564394999993965,6798160.761979999952018
-1,0,qtz-peg-pt,21.2000008,0,325816.931923999974970,6798160.468829999677837
-1,0,qtz-peg-pt,21.2000008,0,325817.109883999975864,6798160.333080000244081
-1,0,qtz-peg-pt,21.2000008,0,325817.428009000024758,6798160.165749999694526
-1,0,qtz-peg-pt,21.2000008,0,325817.649686000018846,6798160.071209999732673
-1,0,qtz-peg-pt,21.2000008,0,325817.832287000026554,6798160.001050000078976
-1,0,qtz-peg-pt,21.2000008,0,325817.897105999989435,6798159.931750000454485
-1,0,qtz-peg-pt,21.2000008,0,325818.041448000003584,6798159.852579999715090
-1,0,qtz-peg-pt,21.2000008,0,325818.209358000021894,6798159.743049999698997
-1,0,qtz-peg-pt,21.2000008,0,325818.387318000022788,6798159.607300000265241
-1,0,qtz-peg-pt,21.2000008,0,325818.561708000022918,6798159.448350000195205
-1,0,qtz-peg-pt,21.2000008,0,325818.698453999997582,6798159.308709999546409
-1,0,qtz-peg-pt,21.2000008,0,325818.929981999972370,6798159.080149999819696
-1,0,qtz-peg-pt,21.2000008,0,325819.104101000004448,6798158.878340000286698
-1,0,qtz-peg-pt,21.2000008,0,325819.426946000021417,6798158.550409999676049
-1,0,qtz-peg-pt,21.2000008,0,325819.747335000021849,6798158.250470000319183
-1,0,qtz-peg-pt,21.2000008,0,325820.023830000020098,6798157.948479999788105
-1,0,qtz-peg-pt,21.2000008,0,325820.144305999972858,6798157.784769999794662
-1,0,qtz-peg-pt,21.2000008,0,325820.428948000015225,6798157.483819999732077
-1,0,qtz-peg-pt,21.2000008,0,325820.662079999980051,6798157.250860000029206
-1,0,qtz-peg-pt,21.2000008,0,325820.822431000007782,6798157.116279999725521
-1,0,qtz-peg-pt,21.2000008,0,325820.995954999991227,6798156.886800000444055
-1,0,qtz-peg-pt,21.2000008,0,325821.070049999980256,6798156.689589999616146
-1,0,qtz-peg-pt,21.2000008,0,325821.112956999975722,6798156.519360000267625
-1,0,qtz-peg-pt,21.2000008,0,325821.222968999994919,6798156.337260000407696
-1,0,qtz-peg-pt,21.2000008,0,325821.399314999987837,6798156.101610000245273
-1,0,qtz-peg-pt,21.2000008,0,325821.553469999984372,6798155.943119999952614
-1,0,qtz-peg-pt,21.2000008,0,325821.694327000004705,6798155.821209999732673
-1,0,qtz-peg-pt,21.2000008,0,325821.915143000020180,6798155.643430000171065
-1,0,qtz-peg-pt,21.2000008,0,325822.099625999981072,6798155.442400000058115
-1,0,qtz-peg-pt,21.2000008,0,325822.304793999996036,6798155.243200000375509
-1,0,qtz-peg-pt,21.2000008,0,325822.484029999992345,6798155.055390000343323
-1,0,qtz-peg-pt,21.2000008,0,325822.734262000012677,6798154.787469999864697
-1,0,qtz-peg-pt,21.2000008,0,325822.968470000021625,6798154.523839999921620
-1,0,qtz-peg-pt,21.2000008,0,325823.241695999982767,6798154.312110000289977
-1,0,qtz-peg-pt,21.2000008,0,325823.421161999984179,6798154.205760000273585
-1,0,qtz-peg-pt,21.2000008,0,325823.549378999974579,6798154.167679999954998
-1,0,qtz-peg-pt,21.2000008,0,325823.772475000005215,6798154.039149999618530
-1,0,qtz-peg-pt,21.2000008,0,325823.972592999984045,6798153.927670000120997
-1,0,qtz-peg-pt,21.2000008,0,325824.249109999975190,6798153.819570000283420
-1,0,qtz-peg-pt,21.2000008,0,325824.559926000016276,6798153.771169999614358
-1,0,qtz-peg-pt,21.2000008,0,325824.755314000009093,6798153.579040000215173
-1,0,qtz-peg-pt,21.2000008,0,325824.966246000025421,6798153.442350000143051
-1,0,qtz-peg-pt,21.2000008,0,325825.234028999984730,6798153.276730000041425
-1,0,qtz-peg-pt,21.2000008,0,325825.489430000016000,6798153.137679999694228
-1,0,qtz-peg-pt,21.2000008,0,325825.652013999992050,6798153.050300000235438
-1,0,qtz-peg-pt,21.2000008,0,325826.183589000022039,6798152.763330000452697
-1,0,qtz-peg-pt,21.2000008,0,325826.458963999990374,6798152.633919999934733
-1,0,qtz-peg-pt,21.2000008,0,325826.827598000003491,6798152.430940000340343
-1,0,qtz-peg-pt,21.2000008,0,325826.954665000026580,6798152.359210000373423
-1,0,qtz-peg-pt,21.2000008,0,325827.157204999995884,6798152.261739999987185
-1,0,qtz-peg-pt,21.2000008,0,325827.400568999990355,6798152.121209999546409
-1,0,qtz-peg-pt,21.2000008,0,325827.639553999993950,6798151.973629999905825
-1,0,qtz-peg-pt,21.2000008,0,325827.822599000006448,6798151.830419999547303
-1,0,qtz-peg-pt,21.2000008,0,325828.024313999980222,6798151.587290000170469
-1,0,granitic-peg-pt,37.2000008,1,325800.075649000005797,6798175.161279999651015
-1,0,granitic-peg-pt,37.2000008,1,325800.259036000003107,6798175.066510000266135
-1,0,granitic-peg-pt,37.2000008,1,325800.385323000024073,6798174.988389999605715
-1,0,granitic-peg-pt,37.2000008,1,325800.589174000022467,6798174.920309999957681
-1,0,granitic-peg-pt,37.2000008,1,325800.830567999975756,6798174.916860000230372
-1,0,granitic-peg-pt,37.2000008,1,325801.023999999975786,6798174.809059999883175
-1,0,granitic-peg-pt,37.2000008,1,325801.202251999988221,6798174.679849999956787
-1,0,granitic-peg-pt,37.2000008,1,325801.383357000013348,6798174.568310000002384
-1,0,granitic-peg-pt,37.2000008,1,325801.515499999979511,6798174.425219999626279
-1,0,granitic-peg-pt,37.2000008,1,325801.702753000019584,6798174.210020000115037
-1,0,granitic-peg-pt,37.2000008,1,325801.827663999982178,6798174.055069999769330
-1,0,granitic-peg-pt,37.2000008,1,325802.003897999995388,6798173.917410000227392
-1,0,granitic-peg-pt,37.2000008,1,325802.243971000018064,6798173.697809999808669
-1,0,granitic-peg-pt,37.2000008,1,325802.421094999997877,6798173.533449999988079
-1,0,granitic-peg-pt,37.2000008,1,325802.570346999971662,6798173.380970000289381
-1,0,granitic-peg-pt,37.2000008,1,325802.744997999980114,6798173.186649999581277
-1,0,granitic-peg-pt,37.2000008,1,325802.903988000005484,6798173.002729999832809
-1,0,granitic-peg-pt,37.2000008,1,325803.091101000027265,6798172.803270000033081
-1,0,granitic-peg-pt,37.2000008,1,325803.246572999982163,6798172.626280000433326
-1,0,granitic-peg-pt,37.2000008,1,325803.438681999978144,6798172.405949999578297
-1,0,granitic-peg-pt,37.2000008,1,325803.759291999973357,6798172.064090000465512
-1,0,granitic-peg-pt,37.2000008,1,325804.098974000022281,6798171.776600000448525
-1,0,granitic-peg-pt,37.2000008,1,325804.352983999997377,6798171.525179999880493
-1,0,granitic-peg-pt,37.2000008,1,325804.494636000017636,6798171.419180000200868
-1,0,granitic-peg-pt,37.2000008,1,325804.754295999999158,6798171.270329999737442
-1,0,granitic-peg-pt,37.2000008,1,325805.177695000020321,6798171.030539999715984
-1,0,granitic-peg-pt,37.2000008,1,325805.413069000001997,6798170.863839999772608
-1,0,granitic-peg-pt,37.2000008,1,325805.703510000021197,6798170.724799999967217
-1,0,granitic-peg-pt,37.2000008,1,325806.072900999977719,6798170.600920000113547
-1,0,granitic-peg-pt,37.2000008,1,325806.441908999986481,6798170.437800000421703
-1,0,granitic-peg-pt,37.2000008,1,325806.893154999997932,6798170.213670000433922
-1,0,granitic-peg-pt,37.2000008,1,325807.218705000006594,6798170.029550000093877
-1,0,granitic-peg-pt,37.2000008,1,325807.637088000017684,6798169.696259999647737
-1,0,granitic-peg-pt,37.2000008,1,325807.939776999992318,6798169.353020000271499
-1,0,granitic-peg-pt,37.2000008,1,325808.079670000006445,6798169.252050000242889
-1,0,granitic-peg-pt,37.2000008,1,325808.315682000014931,6798168.946150000207126
-1,0,granitic-peg-pt,37.2000008,1,325808.547521999978926,6798168.671230000443757
-1,0,granitic-peg-pt,37.2000008,1,325808.818365000013728,6798168.415729999542236
-1,0,granitic-peg-pt,37.2000008,1,325809.096380000002682,6798168.201910000294447
-1,0,granitic-peg-pt,37.2000008,1,325809.291408999997657,6798168.001240000128746
-1,0,granitic-peg-pt,37.2000008,1,325809.557348000002094,6798167.812289999797940
-1,0,granitic-peg-pt,37.2000008,1,325809.912521000020206,6798167.564380000345409
-1,0,granitic-peg-pt,37.2000008,1,325810.291649000020698,6798167.370369999669492
-1,0,granitic-peg-pt,37.2000008,1,325810.581581000005826,6798167.265019999817014
-1,0,granitic-peg-pt,37.2000008,1,325810.829333000001498,6798167.130990000441670
-1,0,granitic-peg-pt,37.2000008,1,325811.150994999974500,6798166.893880000337958
-1,0,granitic-peg-pt,37.2000008,1,325811.299109000014141,6798166.719890000298619
-1,0,granitic-peg-pt,37.2000008,1,325811.643362000002526,6798166.491320000030100
-1,0,granitic-peg-pt,37.2000008,1,325811.870366999995895,6798166.375160000286996
-1,0,granitic-peg-pt,37.2000008,1,325812.201128999993671,6798166.284490000456572
-1,0,granitic-peg-pt,37.2000008,1,325812.454321000026539,6798166.151870000176132
-1,0,granitic-peg-pt,37.2000008,1,325812.654613999999128,6798166.006780000403523
-1,0,granitic-peg-pt,37.2000008,1,325812.976735999982338,6798165.798659999854863
-1,0,granitic-peg-pt,37.2000008,1,325813.293324000027496,6798165.530760000459850
-1,0,granitic-peg-pt,37.2000008,1,325813.581441999995150,6798165.351789999753237
-1,0,granitic-peg-pt,37.2000008,1,325813.911821999994572,6798165.137869999743998
-1,0,granitic-peg-pt,37.2000008,1,325814.204659999988507,6798164.949760000221431
-1,0,granitic-peg-pt,37.2000008,1,325814.320362999977078,6798164.816949999891222
-1,0,granitic-peg-pt,37.2000008,1,325814.470170999993570,6798164.643419999629259
-1,0,granitic-peg-pt,37.2000008,1,325814.677120000007562,6798164.548120000399649
-1,0,granitic-peg-pt,37.2000008,1,325814.822769000020344,6798164.427620000205934
-1,0,granitic-peg-pt,37.2000008,1,325814.959230999986175,6798164.308419999666512
-1,0,granitic-peg-pt,37.2000008,1,325815.236146999988705,6798164.096359999850392
-1,0,granitic-peg-pt,37.2000008,1,325815.650236000015866,6798163.873060000129044
-1,0,granitic-peg-pt,37.2000008,1,325815.975738000008278,6798163.672260000370443
-1,0,granitic-peg-pt,37.2000008,1,325816.217338000016753,6798163.496389999985695
-1,0,granitic-peg-pt,37.2000008,1,325816.609100000001490,6798163.186040000058711
-1,0,granitic-peg-pt,37.2000008,1,325816.914746000024024,6798162.960679999552667
-1,0,granitic-peg-pt,37.2000008,1,325817.181984999973793,6798162.738760000094771
-1,0,granitic-peg-pt,37.2000008,1,325817.461632999998983,6798162.518090000376105
-1,0,granitic-peg-pt,37.2000008,1,325817.797278999991249,6798162.249210000038147
-1,0,granitic-peg-pt,37.2000008,1,325817.991618999978527,6798162.052020000293851
-1,0,granitic-peg-pt,37.2000008,1,325818.084947000024840,6798161.944980000145733
-1,0,granitic-peg-pt,37.2000008,1,325818.261401000025216,6798161.631199999712408
-1,0,granitic-peg-pt,37.2000008,1,325818.393654000014067,6798161.448540000244975
-1,0,granitic-peg-pt,37.2000008,1,325818.614249999984168,6798161.207910000346601
-1,0,granitic-peg-pt,37.2000008,1,325818.881496999994852,6798160.946759999729693
-1,0,granitic-peg-pt,37.2000008,1,325819.131238000001758,6798160.692230000160635
-1,0,granitic-peg-pt,37.2000008,1,325819.300272999971639,6798160.540489999577403
-1,0,granitic-peg-pt,37.2000008,1,325819.612924000015482,6798160.318880000151694
-1,0,granitic-peg-pt,37.2000008,1,325820.008076999976765,6798160.122670000419021
-1,0,granitic-peg-pt,37.2000008,1,325820.320031000010204,6798159.843860000371933
-1,0,granitic-peg-pt,37.2000008,1,325820.474719999998342,6798159.718729999847710
-1,0,granitic-peg-pt,37.2000008,1,325820.834542000025976,6798159.475859999656677
-1,0,granitic-peg-pt,37.2000008,1,325821.169506000005640,6798159.258589999750257
-1,0,granitic-peg-pt,37.2000008,1,325821.543194999976549,6798158.953660000115633
-1,0,granitic-peg-pt,37.2000008,1,325821.765376000024844,6798158.685460000298917
-1,0,granitic-peg-pt,37.2000008,1,325822.046950999996625,6798158.424899999983609
-1,0,granitic-peg-pt,37.2000008,1,325822.771164999983739,6798157.854559999890625
-1,0,granitic-peg-pt,37.2000008,1,325823.014056999993045,6798157.567429999820888
-1,0,granitic-peg-pt,37.2000008,1,325823.272358999995049,6798157.323760000057518
-1,0,granitic-peg-pt,37.2000008,1,325823.673446999979205,6798157.082519999705255
-1,0,granitic-peg-pt,37.2000008,1,325824.088699000014458,6798156.857859999872744
-1,0,granitic-peg-pt,37.2000008,1,325824.532795000006445,6798156.518339999951422
-1,0,granitic-peg-pt,37.2000008,1,325824.804894000000786,6798156.282920000143349
-1,0,granitic-peg-pt,37.2000008,1,325825.239405000000261,6798155.966380000114441
-1,0,granitic-peg-pt,37.2000008,1,325825.568624000006821,6798155.629490000195801
-1,0,granitic-peg-pt,37.2000008,1,325825.756264999974519,6798155.355820000171661
-1,0,granitic-peg-pt,37.2000008,1,325826.042391000024509,6798155.186010000295937
-1,0,granitic-peg-pt,37.2000008,1,325826.365450999990571,6798154.933740000240505
-1,0,granitic-peg-pt,37.2000008,1,325826.648500000010245,6798154.812769999727607
-1,0,granitic-peg-pt,37.2000008,1,325826.962090999993961,6798154.599919999949634
-1,0,granitic-peg-pt,37.2000008,1,325827.212845999980345,6798154.434899999760091
-1,0,granitic-peg-pt,37.2000008,1,325827.452625999983866,6798154.260510000400245
-1,0,granitic-peg-pt,37.2000008,1,325827.731043000007048,6798153.923109999857843
-1,0,granitic-peg-pt,37.2000008,1,325828.124572000000626,6798153.600080000236630
-1,0,granitic-peg-pt,37.2000008,1,325828.463158000027761,6798153.420880000106990
-1,0,granitic-peg-pt,37.2000008,1,325828.777319999993779,6798153.349460000172257
-1,0,granitic-peg-pt,37.2000008,1,325829.220296000014059,6798153.208510000258684
-1,0,granitic-peg-pt,37.2000008,1,325829.451930999988690,6798153.082770000211895
-1,0,granitic-peg-pt,37.2000008,1,325829.618699999991804,6798152.977780000306666
-1,0,peg-porphyro-pt,31.1000004,2,325802.819851999985985,6798172.284660000354052
-1,0,peg-porphyro-pt,31.1000004,2,325803.031169000023510,6798172.098770000040531
-1,0,peg-porphyro-pt,31.1000004,2,325803.219224000000395,6798171.944649999961257
-1,0,peg-porphyro-pt,31.1000004,2,325803.329922000004444,6798171.826840000227094
-1,0,peg-porphyro-pt,31.1000004,2,325803.539731000026222,6798171.700380000285804
-1,0,peg-porphyro-pt,31.1000004,2,325803.747046999982558,6798171.519989999942482
-1,0,peg-porphyro-pt,31.1000004,2,325803.913362000021152,6798171.372790000401437
-1,0,peg-porphyro-pt,31.1000004,2,325804.158886999997776,6798171.179639999754727
-1,0,peg-porphyro-pt,31.1000004,2,325804.496155000000726,6798170.968050000257790
-1,0,peg-porphyro-pt,31.1000004,2,325804.693043000006583,6798170.876810000278056
-1,0,peg-porphyro-pt,31.1000004,2,325804.913957000011578,6798170.750789999961853
-1,0,peg-porphyro-pt,31.1000004,2,325805.090512000024319,6798170.617680000141263
-1,0,peg-porphyro-pt,31.1000004,2,325805.363520000013523,6798170.431939999572933
-1,0,peg-porphyro-pt,31.1000004,2,325805.633659999992233,6798170.267060000449419
-1,0,peg-porphyro-pt,31.1000004,2,325805.815207000006922,6798170.185600000433624
-1,0,peg-porphyro-pt,31.1000004,2,325806.139087999996264,6798170.046950000338256
-1,0,peg-porphyro-pt,31.1000004,2,325806.367214999976568,6798169.921050000004470
-1,0,peg-porphyro-pt,31.1000004,2,325806.623353999981191,6798169.754669999703765
-1,0,peg-porphyro-pt,31.1000004,2,325806.861939999973401,6798169.607750000432134
-1,0,peg-porphyro-pt,31.1000004,2,325807.996762999973726,6798168.523590000346303
-1,0,peg-porphyro-pt,31.1000004,2,325808.351490999979433,6798168.272909999825060
-1,0,peg-porphyro-pt,31.1000004,2,325808.738572000002023,6798167.978380000218749
-1,0,peg-porphyro-pt,31.1000004,2,325809.269926999986637,6798167.609210000373423
-1,0,peg-porphyro-pt,31.1000004,2,325809.823699000000488,6798167.195500000379980
-1,0,peg-porphyro-pt,31.1000004,2,325810.205756000010297,6798166.994780000299215
-1,0,peg-porphyro-pt,31.1000004,2,325810.478178000019398,6798166.880180000327528
-1,0,peg-porphyro-pt,31.1000004,2,325810.848430000012740,6798166.660430000163615
-1,0,peg-porphyro-pt,31.1000004,2,325811.023020000022370,6798166.496039999648929
-1,0,peg-porphyro-pt,31.1000004,2,325811.186854999978095,6798166.346440000459552
-1,0,peg-porphyro-pt,31.1000004,2,325811.402118999976665,6798166.254970000125468
-1,0,peg-porphyro-pt,31.1000004,2,325811.584921000001486,6798166.163909999653697
-1,0,peg-porphyro-pt,31.1000004,2,325811.859954999992624,6798166.005459999665618
-1,0,peg-porphyro-pt,31.1000004,2,325812.055399000004400,6798165.867759999819100
-1,0,peg-porphyro-pt,31.1000004,2,325812.340406999981496,6798165.707469999790192
-1,0,peg-porphyro-pt,31.1000004,2,325812.662987000017893,6798165.551620000042021
-1,0,peg-porphyro-pt,31.1000004,2,325812.882396999979392,6798165.363730000331998
-1,0,peg-porphyro-pt,31.1000004,2,325813.160351999977138,6798165.180770000442863
-1,0,peg-porphyro-pt,31.1000004,2,325813.429362999973819,6798164.993920000270009
-1,0,peg-porphyro-pt,31.1000004,2,325813.824054000026081,6798164.699059999547899
-1,0,peg-porphyro-pt,31.1000004,2,325814.121274999983143,6798164.582399999722838
-1,0,peg-porphyro-pt,31.1000004,2,325814.330867999990005,6798164.398799999617040
-1,0,peg-porphyro-pt,31.1000004,2,325814.487971999973524,6798164.242899999953806
-1,0,peg-porphyro-pt,31.1000004,2,325814.691384000005201,6798164.087690000422299
-1,0,peg-porphyro-pt,31.1000004,2,325814.915192999993451,6798163.898989999666810
-1,0,peg-porphyro-pt,31.1000004,2,325815.087908999994397,6798163.787650000303984
-1,0,peg-porphyro-pt,31.1000004,2,325815.341872000019066,6798163.649170000106096
-1,0,peg-porphyro-pt,31.1000004,2,325815.536849999974947,6798163.542270000092685
-1,0,peg-porphyro-pt,31.1000004,2,325815.718279999971855,6798163.435060000047088
-1,0,peg-porphyro-pt,31.1000004,2,325815.956675999972504,6798163.268410000018775
-1,0,peg-porphyro-pt,31.1000004,2,325816.158103999972809,6798163.115389999933541
-1,0,peg-porphyro-pt,31.1000004,2,325816.412913999985904,6798162.888469999656081
-1,0,peg-porphyro-pt,31.1000004,2,325816.694100000022445,6798162.626539999619126
-1,0,peg-porphyro-pt,31.1000004,2,325817.036703000019770,6798162.300019999966025
-1,0,peg-porphyro-pt,31.1000004,2,325817.346238000027370,6798161.987370000220835
-1,0,peg-porphyro-pt,31.1000004,2,325817.689003999985289,6798161.612139999866486
-1,0,peg-porphyro-pt,31.1000004,2,325817.985996000003070,6798161.278119999915361
-1,0,peg-porphyro-pt,31.1000004,2,325818.110683000006247,6798161.086260000243783
-1,0,peg-porphyro-pt,31.1000004,2,325818.523969999980181,6798160.696469999849796
-1,0,peg-porphyro-pt,31.1000004,2,325818.853189999994356,6798160.527089999988675
-1,0,peg-porphyro-pt,31.1000004,2,325819.104055000003427,6798160.374149999581277
-1,0,peg-porphyro-pt,31.1000004,2,325819.317709000024479,6798160.167009999975562
-1,0,peg-porphyro-pt,31.1000004,2,325819.542476999980863,6798160.024650000035763
-1,0,peg-porphyro-pt,31.1000004,2,325819.867613999987952,6798159.789809999987483
-1,0,peg-porphyro-pt,31.1000004,2,325820.133455000002868,6798159.658929999917746
-1,0,peg-porphyro-pt,31.1000004,2,325820.506829000019934,6798159.419730000197887
-1,0,peg-porphyro-pt,31.1000004,2,325820.805660000012722,6798159.189919999800622
-1,0,peg-porphyro-pt,31.1000004,2,325820.984198999998625,6798158.970610000193119
-1,0,peg-porphyro-pt,31.1000004,2,325821.170126000011805,6798158.817350000143051
-1,0,peg-porphyro-pt,31.1000004,2,325821.614852999977302,6798158.508729999884963
-1,0,peg-porphyro-pt,31.1000004,2,325821.916334000008646,6798158.264890000224113
-1,0,peg-porphyro-pt,31.1000004,2,325822.144007999973837,6798158.039780000224710
-1,0,peg-porphyro-pt,31.1000004,2,325822.265712000022177,6798157.916369999758899
-1,0,peg-porphyro-pt,31.1000004,2,325822.580253000021912,6798157.627729999832809
-1,0,peg-porphyro-pt,31.1000004,2,325822.737725000013597,6798157.544320000335574
-1,0,peg-porphyro-pt,31.1000004,2,325822.945864000008442,6798157.334320000372827
-1,0,peg-porphyro-pt,31.1000004,2,325823.120519999996759,6798157.165489999577403
-1,0,peg-porphyro-pt,31.1000004,2,325823.400176999974065,6798156.978509999811649
-1,0,peg-porphyro-pt,31.1000004,2,325823.555587999988347,6798156.934750000014901
-1,0,granitic-peg-pt,22.1000004,3,325810.010126999986824,6798163.423929999582469
-1,0,granitic-peg-pt,22.1000004,3,325810.182051000010688,6798163.306929999962449
-1,0,granitic-peg-pt,22.1000004,3,325810.298201000026893,6798163.196179999969900
-1,0,granitic-peg-pt,22.1000004,3,325810.457743000006303,6798163.078999999910593
-1,0,granitic-peg-pt,22.1000004,3,325810.598920000018552,6798162.951109999790788
-1,0,granitic-peg-pt,22.1000004,3,325810.843876999977510,6798162.705090000294149
-1,0,granitic-peg-pt,22.1000004,3,325810.919861999980640,6798162.593740000389516
-1,0,granitic-peg-pt,22.1000004,3,325810.970721999998204,6798162.499520000070333
-1,0,granitic-peg-pt,22.1000004,3,325811.049303999985568,6798162.416360000148416
-1,0,granitic-peg-pt,22.1000004,3,325811.177888999984134,6798162.302249999716878
-1,0,granitic-peg-pt,22.1000004,3,325811.287791999988258,6798162.198389999568462
-1,0,granitic-peg-pt,22.1000004,3,325811.400717000011355,6798162.094580000266433
-1,0,granitic-peg-pt,22.1000004,3,325811.529143000021577,6798161.991000000387430
-1,0,granitic-peg-pt,22.1000004,3,325811.710515999991912,6798161.816499999724329
-1,0,granitic-peg-pt,22.1000004,3,325811.989645999972709,6798161.567560000345111
-1,0,granitic-peg-pt,22.1000004,3,325812.083304000028875,6798161.512780000455678
-1,0,granitic-peg-pt,22.1000004,3,325812.164740999985952,6798161.447169999592006
-1,0,granitic-peg-pt,22.1000004,3,325812.386357999988832,6798161.313299999572337
-1,0,granitic-peg-pt,22.1000004,3,325812.582883000024594,6798161.207310000434518
-1,0,granitic-peg-pt,22.1000004,3,325812.664266999985557,6798161.145250000059605
-1,0,granitic-peg-pt,22.1000004,3,325812.836031000013463,6798161.038780000060797
-1,0,granitic-peg-pt,22.1000004,3,325812.982926999975462,6798160.939030000008643
-1,0,granitic-peg-pt,22.1000004,3,325813.176279000006616,6798160.836539999581873
-1,0,granitic-peg-pt,22.1000004,3,325813.310157000028994,6798160.778710000216961
-1,0,granitic-peg-pt,22.1000004,3,325813.543561999977101,6798160.690790000371635
-1,0,granitic-peg-pt,22.1000004,3,325813.685121999995317,6798160.593159999698400
-1,0,granitic-peg-pt,22.1000004,3,325813.838853999972343,6798160.502109999768436
-1,0,granitic-peg-pt,22.1000004,3,325813.918257999990601,6798160.460909999907017
-1,0,granitic-peg-pt,22.1000004,3,325814.060551000002306,6798160.336590000428259
-1,0,granitic-peg-pt,22.1000004,3,325814.181457999977283,6798160.269609999842942
-1,0,granitic-peg-pt,22.1000004,3,325814.409522000001743,6798160.118479999713600
-1,0,granitic-peg-pt,22.1000004,3,325814.605452999996487,6798160.000110000371933
-1,0,granitic-peg-pt,22.1000004,3,325814.775228000013158,6798159.897909999825060
-1,0,granitic-peg-pt,22.1000004,3,325814.944264999998268,6798159.796070000156760
-1,0,granitic-peg-pt,22.1000004,3,325815.109816999989562,6798159.687730000354350
-1,0,granitic-peg-pt,22.1000004,3,325815.267746000026818,6798159.574070000089705
-1,0,granitic-peg-pt,22.1000004,3,325815.422175000014249,6798159.492049999535084
-1,0,granitic-peg-pt,22.1000004,3,325815.670898000011221,6798159.306610000319779
-1,0,granitic-peg-pt,22.1000004,3,325815.764928999997210,6798159.227110000327229
-1,0,granitic-peg-pt,22.1000004,3,325815.921641999972053,6798159.090599999763072
-1,0,granitic-peg-pt,22.1000004,3,325815.990379000024404,6798159.045970000326633
-1,0,granitic-peg-pt,22.1000004,3,325816.101639000000432,6798158.949110000394285
-1,0,granitic-peg-pt,22.1000004,3,325816.182995999988634,6798158.888829999603331
-1,0,granitic-peg-pt,22.1000004,3,325816.292060000007041,6798158.814720000140369
-1,0,granitic-peg-pt,22.1000004,3,325816.344070999999531,6798158.773439999669790
-1,0,granitic-peg-pt,22.1000004,3,325816.484034000022803,6798158.622589999809861
-1,0,granitic-peg-pt,22.1000004,3,325816.614887000003364,6798158.539110000245273
-1,0,granitic-peg-pt,22.1000004,3,325816.860756999987643,6798158.342430000193417
-1,0,granitic-peg-pt,22.1000004,3,325816.979379999975208,6798158.259530000388622
-1,0,granitic-peg-pt,22.1000004,3,325817.064009000023361,6798158.197750000283122
-1,0,granitic-peg-pt,22.1000004,3,325817.139231999986805,6798158.130379999987781
-1,0,granitic-peg-pt,22.1000004,3,325817.210061000019778,6798158.050540000200272
-1,0,granitic-peg-pt,22.1000004,3,325817.311792999971658,6798157.971160000190139
-1,0,granitic-peg-pt,22.1000004,3,325817.421542999974918,6798157.874520000070333
-1,0,granitic-peg-pt,22.1000004,3,325817.499826000013854,6798157.814059999771416
-1,0,granitic-peg-pt,22.1000004,3,325817.590923000010662,6798157.722219999879599
-1,0,granitic-peg-pt,22.1000004,3,325817.699274000013247,6798157.631749999709427
-1,0,granitic-peg-pt,22.1000004,3,325817.891691000026185,6798157.473939999938011
-1,0,granitic-peg-pt,22.1000004,3,325817.943341000005603,6798157.430719999596477
-1,0,granitic-peg-pt,22.1000004,3,325818.034739000024274,6798157.332890000194311
-1,0,granitic-peg-pt,22.1000004,3,325818.126242999976967,6798157.252779999747872
-1,0,granitic-peg-pt,22.1000004,3,325818.252159999974538,6798157.159389999695122
-1,0,granitic-peg-pt,22.1000004,3,325818.323655000014696,6798157.111299999989569
-1,0,granitic-peg-pt,22.1000004,3,325818.524121999973431,6798156.971859999932349
-1,0,granitic-peg-pt,22.1000004,3,325818.648950000002515,6798156.899919999763370
-1,0,granitic-peg-pt,22.1000004,3,325818.752110000001267,6798156.829319999553263
-1,0,granitic-peg-pt,22.1000004,3,325818.871701999974903,6798156.717469999566674
-1,0,granitic-peg-pt,22.1000004,3,325818.980607000004966,6798156.608210000209510
-1,0,granitic-peg-pt,22.1000004,3,325819.105868000013288,6798156.483369999565184
-1,0,granitic-peg-pt,22.1000004,3,325819.242772000026889,6798156.346450000070035
-1,0,granitic-peg-pt,22.1000004,3,325819.322398999996949,6798156.274480000138283
-1,0,granitic-peg-pt,22.1000004,3,325819.366248000005726,6798156.243630000390112
-1,0,granitic-peg-pt,22.1000004,3,325819.426422999997158,6798156.201290000230074
-1,0,granitic-peg-pt,22.1000004,3,325819.533416000020225,6798156.105030000209808
-1,0,granitic-peg-pt,22.1000004,3,325819.654925999988336,6798155.996629999950528
-1,0,granitic-peg-pt,22.1000004,3,325819.754944999993313,6798155.894840000197291
-1,0,granitic-peg-pt,22.1000004,3,325819.851557000016328,6798155.785830000415444
-1,0,granitic-peg-pt,22.1000004,3,325819.938564000010956,6798155.683760000392795
-1,0,granitic-peg-pt,22.1000004,3,325820.008596999978181,6798155.619380000047386
-1,0,granitic-peg-pt,22.1000004,3,325820.133396000019275,6798155.498469999991357
-1,0,granitic-peg-pt,22.1000004,3,325820.341651999973692,6798155.266839999705553
-1,0,granitic-peg-pt,22.1000004,3,325820.465165000001434,6798155.136909999884665
-1,0,granitic-peg-pt,22.1000004,3,325820.626167999987956,6798154.966300000436604
-1,0,granitic-peg-pt,22.1000004,3,325820.704719999979716,6798154.882100000046194
-1,0,granitic-peg-pt,22.1000004,3,325820.775592999998480,6798154.761409999802709
-1,0,granitic-peg-pt,22.1000004,3,325820.819816000002902,6798154.686099999584258
-1,0,granitic-peg-pt,22.1000004,3,325820.910187000001315,6798154.590710000135005
-1,0,granitic-peg-pt,22.1000004,3,325820.959149000002071,6798154.510959999635816
-1,0,granitic-peg-pt,22.1000004,3,325821.025151000008918,6798154.403459999710321
-1,0,granitic-peg-pt,22.1000004,3,325821.154419000027701,6798154.215420000255108
-1,0,granitic-peg-pt,22.1000004,3,325821.337616999982856,6798153.942210000008345
-1,0,granitic-peg-pt,22.1000004,3,325821.529892000020482,6798153.703189999796450
-1,0,granitic-peg-pt,22.1000004,3,325821.671585000003688,6798153.532440000213683
-1,0,granitic-peg-pt,22.1000004,3,325821.762963999994099,6798153.431680000387132
-1,0,granitic-peg-pt,22.1000004,3,325821.934400999976788,6798153.222240000031888
-1,0,granitic-peg-pt,22.1000004,3,325822.102474000013899,6798153.065050000324845
-1,0,granitic-peg-pt,22.1000004,3,325822.201675000018440,6798152.953160000033677
-1,0,granitic-peg-pt,22.1000004,3,325822.440492999972776,6798152.697019999846816
-1,0,granitic-peg-pt,22.1000004,3,325822.681860000011511,6798152.455120000056922
-1,0,granitic-peg-pt,22.1000004,3,325822.864746999985073,6798152.265220000408590
-1,0,granitic-peg-pt,22.1000004,3,325822.994712000014260,6798152.136599999852479
-1,0,granitic-peg-pt,22.1000004,3,325823.159214999992400,6798151.979840000160038
-1,0,granitic-peg-pt,22.1000004,3,325823.370322000002488,6798151.782829999923706
-1,0,granitic-peg-pt,22.1000004,3,325823.478406000009272,6798151.683260000310838
-1,0,granitic-peg-pt,22.1000004,3,325823.684326999995392,6798151.459999999962747
-1,0,granitic-peg-pt,22.1000004,3,325823.780620999983512,6798151.374699999578297
-1,0,granitic-peg-pt,22.1000004,3,325823.938881999987643,6798151.260449999943376
-1,0,granitic-peg-pt,22.1000004,3,325824.116709000023548,6798151.137299999594688
-1,0,granitic-peg-pt,22.1000004,3,325824.357689999975264,6798150.920289999805391
-1,0,granitic-peg-pt,22.1000004,3,325824.467729999974836,6798150.818710000254214
-1,0,granitic-peg-pt,22.1000004,3,325824.662268000014592,6798150.669429999776185
-1,0,granitic-peg-pt,22.1000004,3,325824.775709000008646,6798150.586930000223219
-1,0,granitic-peg-pt,22.1000004,3,325824.929257999989204,6798150.424300000071526
-1,0,granitic-peg-pt,22.1000004,3,325825.072333000018261,6798150.291489999741316
-1,0,granitic-peg-pt,22.1000004,3,325825.212898999976460,6798150.186519999988377
-1,0,granitic-peg-pt,22.1000004,3,325825.329377999994904,6798150.097190000116825
-1,0,granitic-peg-pt,22.1000004,3,325825.394933999981731,6798150.042419999837875
-1,0,granitic-peg-pt,22.1000004,3,325825.518362000002526,6798149.895329999737442
-1,0,granitic-peg-pt,22.1000004,3,325825.603579999995418,6798149.799390000291169
-1,0,granitic-peg-pt,22.1000004,3,325825.809984999999870,6798149.558810000307858
-1,0,granitic-peg-pt,22.1000004,3,325826.021440999989863,6798149.333859999664128
-1,0,granitic-peg-pt,22.1000004,3,325826.201184000005014,6798149.149149999953806
-1,0,granitic-peg-pt,22.1000004,3,325826.386522000015248,6798148.963849999941885
-1,0,peg-porphyro-pt,21.3999996,4,325811.627457000024151,6798163.753039999864995
-1,0,peg-porphyro-pt,21.3999996,4,325811.953076999983750,6798163.311830000020564
-1,0,peg-porphyro-pt,21.3999996,4,325812.409349000023212,6798162.830559999682009
-1,0,peg-porphyro-pt,21.3999996,4,325812.727037000004202,6798162.458420000039041
-1,0,peg-porphyro-pt,21.3999996,4,325812.913816999993287,6798162.268050000071526
-1,0,peg-porphyro-pt,21.3999996,4,325813.104732999985572,6798162.165409999899566
-1,0,peg-porphyro-pt,21.3999996,4,325813.278339000011329,6798162.059740000404418
-1,0,peg-porphyro-pt,21.3999996,4,325813.425454000011086,6798161.867879999801517
-1,0,peg-porphyro-pt,21.3999996,4,325813.567544999998063,6798161.711749999783933
-1,0,peg-porphyro-pt,21.3999996,4,325813.699182000011206,6798161.556900000199676
-1,0,peg-porphyro-pt,21.3999996,4,325814.002112000016496,6798161.328929999843240
-1,0,peg-porphyro-pt,21.3999996,4,325814.320831999997608,6798161.161949999630451
-1,0,peg-porphyro-pt,21.3999996,4,325814.706689000013284,6798161.013039999641478
-1,0,peg-porphyro-pt,21.3999996,4,325814.908348999975715,6798160.973849999718368
-1,0,peg-porphyro-pt,21.3999996,4,325815.178745999990497,6798160.890039999969304
-1,0,peg-porphyro-pt,21.3999996,4,325815.423531999986153,6798160.862040000036359
-1,0,peg-porphyro-pt,21.3999996,4,325815.637830000021495,6798160.812509999610484
-1,0,peg-porphyro-pt,21.3999996,4,325815.977653999987524,6798160.638310000300407
-1,0,peg-porphyro-pt,21.3999996,4,325816.206250999995973,6798160.455439999699593
-1,0,peg-porphyro-pt,21.3999996,4,325816.538564999995288,6798160.165070000104606
-1,0,peg-porphyro-pt,21.3999996,4,325816.873742000025231,6798159.885270000435412
-1,0,peg-porphyro-pt,21.3999996,4,325817.092313000001013,6798159.675429999828339
-1,0,peg-porphyro-pt,21.3999996,4,325817.183383000025060,6798159.585359999909997
-1,0,peg-porphyro-pt,21.3999996,4,325817.367216999991797,6798159.493259999901056
-1,0,peg-porphyro-pt,21.3999996,4,325817.644489999976940,6798159.367320000194013
-1,0,peg-porphyro-pt,21.3999996,4,325817.866680999984965,6798159.201869999989867
-1,0,peg-porphyro-pt,21.3999996,4,325818.052639000001363,6798158.969030000269413
-1,0,peg-porphyro-pt,21.3999996,4,325818.200691999983974,6798158.799019999802113
-1,0,peg-porphyro-pt,21.3999996,4,325818.413153000001330,6798158.658029999583960
-1,0,peg-porphyro-pt,21.3999996,4,325818.646319999999832,6798158.448529999703169
-1,0,peg-porphyro-pt,21.3999996,4,325818.894935999996960,6798158.217129999771714
-1,0,peg-porphyro-pt,21.3999996,4,325819.400145000021439,6798157.786989999935031
-1,0,peg-porphyro-pt,21.3999996,4,325819.742099000024609,6798157.453180000185966
-1,0,peg-porphyro-pt,21.3999996,4,325820.088992999983020,6798157.119950000196695
-1,0,peg-porphyro-pt,21.3999996,4,325820.432795999979135,6798156.769489999860525
-1,0,peg-porphyro-pt,21.3999996,4,325820.619902000005823,6798156.586400000378489
-1,0,peg-porphyro-pt,21.3999996,4,325820.871787999989465,6798156.294820000417531
-1,0,peg-porphyro-pt,21.3999996,4,325821.140978000010364,6798155.883910000324249
-1,0,peg-porphyro-pt,21.3999996,4,325821.312082000018563,6798155.711360000073910
-1,0,peg-porphyro-pt,21.3999996,4,325821.483683999977075,6798155.524179999716580
-1,0,peg-porphyro-pt,21.3999996,4,325821.753272000001743,6798155.230109999887645
-1,0,peg-porphyro-pt,21.3999996,4,325821.941824999987148,6798155.029939999803901
-1,0,peg-porphyro-pt,21.3999996,4,325822.202702999988105,6798154.746299999766052
-1,0,peg-porphyro-pt,21.3999996,4,325822.450606999977026,6798154.459339999593794
-1,0,peg-porphyro-pt,21.3999996,4,325822.699372000002768,6798154.167709999717772
-1,0,peg-porphyro-pt,21.3999996,4,325823.042751999979373,6798153.757910000160336
-1,0,peg-porphyro-pt,21.3999996,4,325823.259232999989763,6798153.557239999994636
-1,0,peg-porphyro-pt,21.3999996,4,325823.521819000015967,6798153.347869999706745
-1,0,peg-porphyro-pt,21.3999996,4,325823.869187999982387,6798153.130330000072718
-1,0,peg-porphyro-pt,21.3999996,4,325824.209387000009883,6798152.917519999668002
-1,0,peg-porphyro-pt,21.3999996,4,325824.554599999974016,6798152.799700000323355
-1,0,peg-porphyro-pt,21.3999996,4,325824.907334999996237,6798152.657949999906123
-1,0,peg-porphyro-pt,21.3999996,4,325825.307489999977406,6798152.472969999536872
-1,0,peg-porphyro-pt,21.3999996,4,325825.667012999998406,6798152.292349999770522
-1,0,peg-porphyro-pt,21.3999996,4,325826.064779000007547,6798152.113570000045002
-1,0,peg-porphyro-pt,21.3999996,4,325826.189289000001736,6798152.062690000049770
-1,0,peg-porphyro-pt,21.3999996,4,325826.433077999972738,6798151.894019999541342
-1,0,peg-porphyro-pt,21.3999996,4,325826.635789999971166,6798151.791559999808669
-1,0,peg-porphyro-pt,21.3999996,4,325827.029785000020638,6798151.585309999994934
-1,0,peg-porphyro-pt,21.3999996,4,325827.297904999984894,6798151.411150000058115
-1,0,peg-porphyro-pt,21.3999996,4,325827.501173999975435,6798151.231479999609292
-1,0,peg-porphyro-pt,21.3999996,4,325827.716677999997046,6798151.030899999663234
-1,0,peg-porphyro-pt,21.3999996,4,325827.832891000027303,6798150.922480000182986
-1,0,peg-porphyro-pt,21.3999996,4,325828.071690000011586,6798150.657960000447929
-1,0,granitic-peg-pt,13.5000000,5,325799.420945000019856,6798181.014200000092387
-1,0,granitic-peg-pt,13.5000000,5,325799.645574000023771,6798180.855209999717772
-1,0,granitic-peg-pt,13.5000000,5,325799.746423000004143,6798180.756869999691844
-1,0,granitic-peg-pt,13.5000000,5,325799.940202000027057,6798180.555080000311136
-1,0,granitic-peg-pt,13.5000000,5,325800.147296999988612,6798180.401370000094175
-1,0,granitic-peg-pt,13.5000000,5,325800.334916999971028,6798180.226420000195503
-1,0,granitic-peg-pt,13.5000000,5,325800.443350000015926,6798180.129519999958575
-1,0,granitic-peg-pt,13.5000000,5,325800.604298999998719,6798180.022549999877810
-1,0,granitic-peg-pt,13.5000000,5,325800.650862000009511,6798179.980469999834895
-1,0,granitic-peg-pt,13.5000000,5,325800.772394000028726,6798179.862040000036359
-1,0,granitic-peg-pt,13.5000000,5,325800.988514000026044,6798179.685410000383854
-1,0,granitic-peg-pt,13.5000000,5,325801.358734000008553,6798179.261169999837875
-1,0,granitic-peg-pt,13.5000000,5,325801.576444000005722,6798178.972729999572039
-1,0,granitic-peg-pt,13.5000000,5,325801.796033999999054,6798178.701829999685287
-1,0,granitic-peg-pt,13.5000000,5,325802.007970999984536,6798178.485679999925196
-1,0,granitic-peg-pt,13.5000000,5,325802.091499999980442,6798178.346180000342429
-1,0,granitic-peg-pt,13.5000000,5,325802.187158000015188,6798178.223480000160635
-1,0,granitic-peg-pt,13.5000000,5,325802.359407000010833,6798178.117239999584854
-1,0,granitic-peg-pt,13.5000000,5,325802.523286000010557,6798177.977620000019670
-1,0,granitic-peg-pt,13.5000000,5,325802.695096999988891,6798177.797109999693930
-1,0,granitic-peg-pt,13.5000000,5,325802.841060000006109,6798177.655770000070333
-1,0,granitic-peg-pt,13.5000000,5,325802.971573000017088,6798177.517310000024736
-1,0,granitic-peg-pt,13.5000000,5,325803.077853000024334,6798177.401539999991655
-1,0,granitic-peg-pt,13.5000000,5,325803.348337000003085,6798177.195690000429749
-1,0,granitic-peg-pt,13.5000000,5,325803.617611999972723,6798177.024740000255406
-1,0,granitic-peg-pt,13.5000000,5,325803.792468000028748,6798176.894380000419915
-1,0,granitic-peg-pt,13.5000000,5,325803.833826999994926,6798176.803009999915957
-1,0,granitic-peg-pt,13.5000000,5,325803.983779000001960,6798176.707510000094771
-1,0,granitic-peg-pt,13.5000000,5,325804.132596999988891,6798176.609559999778867
-1,0,granitic-peg-pt,13.5000000,5,325804.240223000000697,6798176.507989999838173
-1,0,granitic-peg-pt,13.5000000,5,325804.369112999993376,6798176.373719999566674
-1,0,granitic-peg-pt,13.5000000,5,325804.510391000017989,6798176.252039999701083
-1,0,granitic-peg-pt,13.5000000,5,325804.627969000022858,6798176.124250000342727
-1,0,granitic-peg-pt,13.5000000,5,325804.890956000017468,6798175.956419999711215
-1,0,granitic-peg-pt,13.5000000,5,325805.200358000001870,6798175.743400000035763
-1,0,granitic-peg-pt,13.5000000,5,325805.441591000009794,6798175.556730000302196
-1,0,granitic-peg-pt,13.5000000,5,325805.695898999983910,6798175.188710000365973
-1,0,granitic-peg-pt,13.5000000,5,325805.864264999981970,6798175.036079999990761
-1,0,granitic-peg-pt,13.5000000,5,325806.157858000020497,6798174.933659999631345
-1,0,granitic-peg-pt,13.5000000,5,325806.440302999981213,6798174.749389999546111
-1,0,granitic-peg-pt,13.5000000,5,325806.569440999999642,6798174.637400000356138
-1,0,granitic-peg-pt,13.5000000,5,325806.830770000000484,6798174.372670000419021
-1,0,granitic-peg-pt,13.5000000,5,325807.024694999970961,6798174.116009999997914
-1,0,granitic-peg-pt,13.5000000,5,325807.250992999994196,6798173.755990000441670
-1,0,granitic-peg-pt,13.5000000,5,325807.486157000006642,6798173.570890000090003
-1,0,granitic-peg-pt,13.5000000,5,325807.716824000002816,6798173.393040000461042
-1,0,granitic-peg-pt,13.5000000,5,325807.923657000006642,6798173.198540000244975
-1,0,granitic-peg-pt,13.5000000,5,325808.058439999993425,6798173.003279999829829
-1,0,granitic-peg-pt,13.5000000,5,325808.276772000011988,6798172.744669999927282
-1,0,granitic-peg-pt,13.5000000,5,325808.466209999984130,6798172.610749999992549
-1,0,granitic-peg-pt,13.5000000,5,325808.593952999974135,6798172.449079999700189
-1,0,granitic-peg-pt,13.5000000,5,325808.758789999992587,6798172.187880000099540
-1,0,granitic-peg-pt,13.5000000,5,325808.958158999972511,6798171.951700000092387
-1,0,granitic-peg-pt,13.5000000,5,325809.184993000002578,6798171.846839999780059

